data/2017092500_UV_SFC.json
{"header": { "refTime": "2017-09-25T00:00:00.000Z", "parameterCategory":  2, "parameterNumber":   2, "surfacelType": 104, "surfacelValue":        0.0, "forecastTime":    0, "scanMode": 0, "nx": 101, "ny": 61, "lo1": 80, "la1": 60, "lo2": 180, "la2": 0, "dx": 1, "dy": 1 }, "data":
[rows 0 to 34 of 61, columns 0 to 79 of 101]
1.46,1.10,1.75,0.85,-0.39,-2.20,-0.84,-0.97,-3.69,-3.48,-2.87,-2.59,-3.06,-3.82,-4.26,-3.65,-3.13,-2.64,-2.14,-1.45,0.12,1.22,0.25,-1.69,-2.97,-3.36,-3.20,-2.25,-1.50,-1.98,-1.09,-0.29,-0.26,-0.75,-1.24,-0.94,-0.08,0.14,0.92,-0.36,-0.87,-0.49,0.58,1.82,3.85,4.09,2.80,2.94,1.86,2.10,3.64,3.31,2.33,-2.69,-3.19,-1.77,-1.58,-2.02,-3.46,-4.39,-3.76,-3.83,-4.49,-5.39,-6.43,-6.88,-6.58,-5.96,-5.49,-5.29,-5.61,-6.33,-6.06,-5.62,-5.75,-5.82,-5.95,-6.13,-6.61,-6.88
4.45,2.82,3.08,2.37,1.54,0.07,0.29,0.79,-1.53,-2.48,-1.48,-1.19,-2.24,-3.14,-3.43,-3.27,-2.99,-2.23,-1.39,-0.57,1.99,0.88,0.31,-1.94,-3.05,-3.49,-2.94,-1.74,-1.36,-1.52,-0.96,-0.07,-0.25,-1.64,-1.12,-0.67,0.35,0.61,0.64,0.18,0.90,1.14,1.25,3.06,4.66,3.94,2.25,1.43,0.92,1.60,3.50,4.05,4.22,2.11,0.74,0.10,-0.69,-0.87,-1.59,-2.93,-3.23,-3.25,-3.93,-5.11,-6.04,-6.39,-6.57,-5.95,-5.63,-5.41,-5.60,-6.29,-6.24,-5.77,-5.48,-5.41,-5.64,-5.70,-5.88,-6.06
6.08,5.45,5.22,4.51,2.86,2.44,1.97,1.81,0.67,-0.81,-0.30,-0.10,-0.82,-2.05,-2.60,-3.01,-3.19,-2.43,-0.89,1.53,2.19,0.84,0.21,-1.33,-1.67,-2.69,-2.26,-1.56,-1.02,-0.83,-0.49,-0.27,-1.19,-1.68,-1.34,0.77,0.07,0.82,0.69,0.42,0.90,0.81,0.73,2.85,4.48,4.12,1.83,0.79,1.10,1.17,2.35,3.15,3.23,2.58,1.75,0.45,-0.25,-0.34,-0.30,-1.44,-3.40,-3.51,-3.51,-3.73,-4.90,-6.72,-6.80,-6.26,-5.96,-5.87,-5.97,-6.12,-6.42,-6.11,-5.87,-5.70,-5.85,-5.82,-5.50,-5.06
6.33,6.63,7.06,6.65,4.68,4.35,3.65,2.85,2.54,1.17,1.02,1.18,0.44,-0.48,-1.62,-2.58,-3.55,-2.50,-0.38,2.11,1.72,0.10,-0.16,-0.11,-0.87,-1.87,-1.76,-1.42,-0.54,0.42,0.78,0.30,-0.95,-1.07,-0.25,1.51,1.26,0.75,1.13,0.67,0.70,0.88,0.99,1.94,3.63,4.24,2.40,0.86,1.63,2.26,2.92,2.91,2.86,2.91,1.92,0.42,0.45,0.42,0.43,-0.71,-2.92,-3.92,-3.13,-2.90,-4.57,-6.81,-6.39,-6.00,-6.06,-6.11,-6.37,-6.77,-7.40,-6.92,-6.76,-6.48,-6.23,-5.99,-5.71,-5.22
7.06,7.35,7.66,7.62,6.92,6.45,5.74,4.70,3.45,2.60,2.72,2.64,1.56,0.65,0.03,-2.32,-3.09,-0.62,1.68,1.90,1.67,-0.59,0.06,0.80,-0.40,-1.75,-1.82,-1.15,0.03,0.91,1.06,0.97,0.39,0.80,1.52,2.14,1.90,0.36,0.99,1.28,1.26,1.66,2.40,2.65,3.94,4.24,3.12,1.68,2.13,3.37,3.65,3.34,2.26,2.05,1.34,0.74,1.01,0.83,0.34,-0.94,-2.95,-2.97,-3.07,-3.21,-4.64,-6.17,-5.57,-5.25,-5.58,-5.91,-6.36,-7.17,-7.89,-7.22,-7.06,-6.84,-6.57,-6.68,-6.66,-6.02
8.21,8.49,8.32,8.27,8.12,7.93,7.75,7.41,5.18,3.66,3.95,4.11,3.11,1.70,1.52,-0.65,0.02,0.04,-1.15,0.39,0.70,0.34,0.24,0.08,-0.97,-1.58,-1.68,-0.52,1.04,1.56,1.28,1.53,1.88,2.81,3.66,3.06,1.62,0.16,0.05,0.77,1.99,2.27,3.03,3.28,3.89,3.46,2.92,2.77,2.76,3.71,3.77,2.93,1.37,1.01,0.61,0.83,0.80,0.17,-0.47,-1.51,-2.95,-2.89,-2.70,-3.43,-4.82,-5.57,-5.42,-4.83,-5.57,-5.92,-6.13,-6.78,-6.99,-6.33,-6.27,-6.27,-6.39,-6.68,-6.73,-6.45
7.55,7.69,9.93,9.13,8.63,8.73,8.99,8.65,7.62,5.64,5.04,5.36,5.22,3.79,3.89,4.07,4.00,0.92,-0.13,1.11,1.71,1.28,0.84,-1.04,-1.30,-1.18,-0.83,0.64,2.39,2.74,1.90,2.04,2.87,4.02,4.20,3.02,1.89,0.27,0.09,1.03,1.86,2.54,3.31,2.64,1.69,0.90,1.82,3.37,3.58,3.36,3.31,1.81,0.52,0.13,0.09,0.32,0.11,-0.70,-1.24,-1.87,-3.13,-2.84,-2.95,-3.56,-4.81,-5.42,-5.87,-5.36,-6.09,-6.38,-5.71,-5.55,-5.53,-5.00,-5.30,-5.58,-5.68,-5.78,-5.83,-5.99
5.14,5.63,6.30,9.68,9.71,9.51,9.49,9.04,8.79,8.10,7.76,7.56,6.83,6.12,6.25,6.69,7.34,6.92,6.03,4.74,2.67,2.89,2.33,0.02,-1.37,-0.65,0.59,1.90,3.21,3.76,3.18,2.80,3.31,4.21,3.71,2.52,0.72,-0.43,-0.30,0.28,1.73,2.54,2.80,1.57,0.05,0.15,0.94,3.46,4.20,2.67,2.19,0.46,-0.54,-0.81,-0.71,-0.65,-0.83,-1.39,-1.78,-2.18,-3.42,-3.32,-2.93,-3.45,-4.59,-5.66,-6.65,-6.10,-6.34,-6.75,-6.00,-4.72,-4.24,-4.28,-4.44,-4.96,-5.11,-5.14,-5.12,-5.57
6.92,5.08,6.99,9.19,10.00,9.76,9.33,9.33,9.28,9.62,9.95,9.78,9.17,8.81,8.63,8.65,8.99,9.05,8.30,4.80,3.64,6.10,6.02,4.47,1.27,1.41,2.40,3.45,4.40,4.88,4.84,3.94,3.58,4.30,3.66,2.89,1.73,0.67,-0.31,-0.18,1.34,2.27,2.70,0.80,0.01,0.20,0.20,1.33,2.93,1.91,0.07,-0.62,-1.43,-1.83,-2.08,-1.70,-1.74,-1.76,-1.81,-2.31,-3.56,-3.64,-3.10,-3.38,-4.52,-5.68,-6.82,-6.24,-6.61,-7.15,-6.40,-4.91,-4.45,-4.85,-4.82,-4.82,-4.84,-4.94,-5.27,-5.67
8.38,8.61,9.38,9.46,9.70,9.19,8.40,8.65,9.16,9.96,10.59,10.64,10.92,10.58,10.63,10.10,9.90,10.06,8.95,4.27,6.19,7.43,8.05,7.30,5.82,4.92,5.76,6.29,6.89,7.37,6.93,5.44,4.38,4.40,3.92,3.64,2.91,1.78,0.39,0.00,1.28,2.77,3.16,2.26,1.86,1.79,0.33,1.03,0.93,-0.58,-1.91,-1.53,-2.43,-3.19,-2.93,-2.19,-2.40,-1.67,-1.48,-2.33,-3.43,-3.50,-3.25,-3.63,-4.39,-5.15,-6.08,-6.32,-6.62,-7.11,-6.83,-6.23,-5.82,-5.98,-5.91,-5.17,-4.66,-4.76,-5.40,-5.90
6.99,9.24,9.69,9.75,8.67,6.76,6.10,7.10,8.30,9.11,9.82,10.39,10.87,10.55,10.54,10.43,10.36,10.08,9.69,5.23,8.83,8.71,9.69,9.51,7.59,6.39,6.44,7.53,8.20,8.91,8.44,6.84,5.30,4.78,4.23,3.89,3.51,2.62,1.60,0.87,1.66,3.57,3.83,2.14,1.80,1.47,1.52,1.18,-2.12,-3.62,-2.71,-2.40,-3.50,-3.89,-2.81,-2.64,-2.99,-1.67,-1.37,-2.34,-3.24,-3.41,-3.53,-4.17,-4.38,-4.44,-5.37,-6.07,-6.26,-6.66,-7.10,-7.75,-7.20,-6.93,-6.78,-5.49,-4.42,-5.66,-5.57,-5.82
5.54,7.45,9.79,9.44,8.19,6.43,5.27,5.92,6.78,7.14,7.66,8.24,8.41,8.84,9.26,9.41,9.51,9.24,9.35,4.56,8.52,9.35,11.01,8.23,4.28,6.31,8.09,3.30,6.03,9.35,8.96,7.74,5.37,4.66,4.00,3.66,3.60,2.96,2.32,2.15,2.76,5.20,3.64,2.08,1.35,-0.77,0.25,-0.40,-4.34,-5.47,-4.52,-3.88,-4.06,-3.83,-2.65,-3.73,-3.09,-1.69,-1.59,-2.34,-3.16,-3.55,-3.91,-4.58,-4.14,-3.94,-4.67,-5.57,-5.84,-6.37,-7.08,-8.52,-7.69,-6.89,-6.84,-5.60,-4.72,-6.10,-6.16,-5.65
6.15,7.80,10.24,8.65,7.22,6.03,5.26,5.22,5.55,5.45,5.65,5.61,6.03,6.36,7.48,8.12,8.43,7.93,8.39,3.98,5.79,7.93,7.59,3.36,4.23,4.23,0.72,1.28,5.11,6.25,7.36,7.56,4.81,4.06,2.98,2.74,3.09,2.64,2.67,3.32,4.37,4.93,1.45,-0.05,-1.49,-1.49,-0.32,-2.80,-6.62,-7.46,-6.82,-5.72,-4.97,-4.67,-3.97,-4.95,-2.92,-1.25,-1.46,-2.08,-3.17,-4.13,-4.57,-4.79,-4.17,-3.67,-4.26,-5.68,-6.51,-7.67,-8.09,-8.64,-7.89,-6.73,-6.80,-6.21,-5.83,-7.08,-6.67,-6.11
5.05,8.13,8.08,5.97,4.94,4.35,3.99,4.25,4.92,5.39,5.12,5.34,5.70,6.00,7.28,7.63,7.83,7.20,5.12,2.63,4.10,2.75,1.76,3.79,4.21,1.28,0.02,1.27,3.94,5.39,3.87,5.12,4.53,2.75,1.53,1.60,2.12,2.02,2.96,3.88,3.87,1.17,1.06,-1.49,-2.17,-3.03,-2.75,-5.80,-9.08,-8.53,-8.27,-7.57,-6.38,-6.40,-6.82,-5.72,-2.73,-0.69,-0.92,-1.56,-3.22,-4.82,-5.22,-5.07,-4.30,-3.87,-4.48,-5.82,-6.62,-8.45,-9.53,-8.94,-8.40,-8.10,-7.60,-7.38,-7.95,-7.83,-7.77,-7.13
4.60,5.29,5.20,5.02,4.34,3.58,3.39,4.11,5.32,5.51,5.27,5.46,6.10,6.83,7.51,7.73,7.06,3.49,-0.04,1.80,2.99,1.21,1.69,3.57,2.51,0.54,-0.61,0.19,3.75,5.03,3.25,3.15,2.78,0.97,0.28,0.71,1.01,1.80,3.15,3.31,1.84,0.90,-0.28,-1.65,-5.04,-7.18,-5.55,-8.01,-9.78,-8.70,-8.75,-8.44,-7.23,-6.64,-7.48,-5.26,-2.35,-0.63,-0.45,-1.23,-2.98,-4.82,-5.67,-5.28,-4.71,-4.42,-4.89,-6.18,-6.84,-8.54,-9.97,-9.74,-9.23,-8.86,-8.68,-8.60,-9.76,-8.65,-8.45,-8.29
3.36,3.68,3.81,3.42,3.04,2.81,2.97,4.21,5.04,4.83,4.53,4.94,5.55,6.31,6.13,5.08,2.27,-0.34,-0.90,2.11,1.91,0.77,2.62,3.53,2.30,-0.46,-1.17,0.56,3.60,3.39,1.55,-0.01,-0.80,-0.87,-0.68,-0.27,0.29,1.73,2.78,2.19,1.14,0.42,-1.62,-3.54,-6.37,-7.34,-7.02,-7.72,-9.42,-8.71,-8.17,-8.65,-8.51,-7.13,-6.45,-3.93,-1.70,-0.10,-0.19,-1.17,-2.31,-4.06,-5.53,-5.43,-5.32,-5.53,-5.94,-7.31,-8.21,-8.69,-9.32,-9.54,-9.27,-9.16,-9.06,-9.44,-9.71,-9.15,-8.63,-8.48
1.69,2.08,2.06,1.49,1.91,2.91,3.46,4.23,3.98,3.31,3.34,4.38,4.68,3.82,2.43,1.11,0.26,0.06,-0.09,2.19,0.72,1.79,3.15,3.43,2.11,-0.22,-0.62,1.33,2.49,1.51,-0.41,-2.58,-3.19,-2.04,-1.38,-1.03,-0.02,1.43,1.82,1.45,2.00,-0.09,-0.98,-3.05,-5.81,-7.14,-7.70,-7.95,-8.38,-8.39,-8.10,-8.29,-7.93,-6.59,-5.12,-3.01,-1.16,-0.27,-0.43,-1.09,-1.82,-3.34,-5.07,-5.44,-5.64,-6.36,-6.47,-8.11,-9.09,-8.93,-8.89,-8.80,-8.97,-9.06,-8.97,-9.01,-9.15,-9.02,-8.48,-8.41
-1.10,-0.12,1.79,1.45,1.83,2.86,3.70,4.05,3.26,2.06,2.50,3.60,2.98,2.02,1.48,0.08,0.24,0.00,0.71,2.73,0.85,1.88,2.85,2.66,1.40,-0.09,0.91,3.36,3.53,1.47,-0.06,-2.27,-2.94,-2.13,-1.57,-1.18,-0.10,0.65,0.31,0.61,2.24,-0.70,0.75,-2.27,-5.45,-6.65,-7.64,-8.25,-8.27,-8.18,-7.95,-7.73,-6.80,-5.65,-4.31,-2.87,-1.81,-1.33,-1.37,-1.82,-2.61,-4.05,-5.29,-5.43,-5.80,-6.55,-6.93,-8.54,-9.02,-8.77,-8.32,-8.28,-8.23,-8.01,-8.05,-8.12,-8.08,-8.25,-8.04,-7.86
-1.37,-1.86,-0.94,1.42,1.90,2.41,3.14,3.68,2.99,1.93,2.21,2.73,2.06,1.79,1.34,-0.10,0.24,-0.41,0.99,2.22,0.96,1.65,2.04,1.26,0.65,2.29,3.13,7.75,8.06,3.60,1.78,-1.34,-2.50,-1.91,-1.69,-1.28,-0.53,-0.71,-1.14,-0.10,0.67,-0.97,-0.74,-3.20,-5.49,-5.70,-6.44,-7.29,-8.04,-8.05,-7.84,-7.71,-6.67,-5.74,-5.26,-4.84,-4.44,-4.52,-4.34,-4.27,-4.74,-5.39,-5.60,-5.19,-5.59,-6.04,-6.90,-8.40,-8.47,-8.51,-7.86,-7.45,-7.24,-6.97,-6.76,-7.07,-7.07,-7.08,-6.95,-6.92
0.99,-1.11,-1.04,1.14,1.29,2.57,2.87,3.08,3.20,2.56,2.61,2.95,2.82,2.25,0.79,0.88,-0.90,-0.45,0.59,1.46,1.01,1.05,0.68,1.10,2.47,4.52,6.17,8.67,7.75,1.04,0.90,-0.80,-2.85,-2.06,-1.89,-1.38,-1.36,-1.95,-1.74,-1.05,-2.72,-3.72,-3.40,-5.16,-5.78,-5.31,-5.46,-5.88,-7.07,-7.67,-7.21,-6.89,-6.50,-6.08,-6.14,-5.86,-6.16,-7.02,-6.75,-6.14,-5.95,-5.81,-5.32,-4.67,-5.06,-5.50,-6.24,-7.37,-7.81,-7.80,-7.19,-6.83,-6.79,-6.87,-6.64,-6.63,-6.51,-6.27,-6.00,-5.98
3.32,2.73,2.57,1.93,2.02,2.37,2.81,2.82,2.82,3.00,3.12,3.23,2.99,1.62,1.81,0.53,-2.18,0.12,1.15,1.90,1.05,0.63,0.31,1.00,2.31,2.69,3.03,-1.14,-3.08,-3.50,-3.73,-3.30,-3.46,-2.44,-1.93,-1.74,-2.32,-2.80,-2.12,-2.64,-4.55,-4.52,-4.59,-5.49,-5.54,-5.25,-5.26,-5.46,-6.02,-6.33,-6.28,-5.53,-5.65,-5.44,-5.56,-5.77,-6.29,-6.78,-6.52,-6.13,-5.80,-5.18,-4.58,-4.17,-4.43,-4.50,-5.07,-6.22,-6.50,-6.72,-6.79,-6.71,-6.68,-6.71,-6.54,-6.23,-5.87,-6.11,-5.23,-4.70
1.38,2.70,3.10,3.10,2.64,2.61,2.30,2.42,2.44,3.11,3.34,2.83,1.26,-0.19,3.06,0.33,-2.01,1.13,1.81,1.13,1.45,0.58,0.54,0.92,1.35,0.85,0.48,-4.77,-10.46,-11.39,-7.34,-6.20,-3.93,-2.41,-1.71,-2.36,-3.61,-3.33,-2.19,-2.66,-3.51,-3.63,-4.04,-4.38,-4.64,-4.68,-4.62,-4.91,-5.34,-5.47,-5.06,-4.21,-4.27,-4.52,-4.81,-4.98,-5.57,-5.80,-5.53,-5.25,-4.72,-4.23,-4.10,-3.98,-3.93,-3.69,-4.21,-5.16,-5.42,-5.82,-6.32,-6.17,-5.98,-5.91,-5.72,-5.17,-4.43,-4.49,-4.45,-3.39
2.07,1.91,1.21,1.26,1.45,1.90,2.26,2.03,2.03,3.21,3.43,2.15,-0.92,0.09,4.23,1.10,-1.29,0.54,0.90,0.86,1.66,0.65,0.10,-0.08,-0.25,-0.10,-2.16,-3.39,-6.22,-8.29,-6.64,-4.58,-2.55,-1.47,-1.79,-3.25,-4.47,-3.23,-1.77,-1.80,-2.32,-2.18,-2.50,-3.21,-3.47,-3.60,-3.66,-4.08,-4.48,-4.60,-3.97,-3.20,-3.17,-3.57,-3.62,-3.76,-4.38,-4.75,-4.63,-4.08,-3.51,-3.13,-3.09,-3.49,-3.72,-4.02,-4.39,-4.49,-4.45,-4.66,-5.04,-5.11,-5.01,-5.00,-4.98,-4.55,-3.61,-2.94,-3.42,-3.17
4.18,3.90,3.27,1.90,2.09,1.85,1.41,1.68,2.49,3.51,3.89,2.11,-1.20,0.38,4.04,1.32,-0.86,0.14,-0.28,0.89,1.67,0.77,-0.34,-0.55,-0.63,-0.87,-2.81,-3.53,-4.84,-5.98,-4.90,-3.88,-3.08,-2.35,-2.82,-2.98,-3.47,-2.86,-1.35,-0.48,0.26,0.56,0.22,-1.26,-2.08,-2.53,-2.78,-2.88,-2.95,-3.29,-3.68,-3.55,-3.11,-2.93,-2.61,-2.47,-2.81,-3.16,-3.25,-2.60,-1.96,-1.52,-1.84,-2.35,-2.71,-3.22,-3.60,-3.48,-3.18,-3.16,-3.49,-3.70,-3.65,-3.68,-3.86,-3.68,-2.96,-2.11,-2.13,-2.53
4.74,4.92,4.64,4.39,4.02,3.69,2.46,1.01,1.73,2.40,3.42,3.11,1.16,1.41,2.87,1.32,1.44,-0.47,-0.46,1.09,2.25,1.68,0.39,0.52,0.68,-0.54,-2.54,-3.83,-3.99,-3.94,-4.27,-4.29,-3.84,-3.34,-3.05,-2.78,-2.93,-1.85,-0.24,1.51,3.19,1.56,0.67,1.00,0.14,-0.95,-1.76,-1.97,-1.67,-1.47,-1.93,-2.42,-2.46,-2.12,-1.41,-0.74,-0.84,-1.41,-1.40,-0.78,0.15,0.66,0.06,-0.37,-0.63,-0.86,-1.21,-1.46,-1.48,-1.50,-1.67,-1.86,-1.82,-1.79,-2.01,-2.19,-1.95,-1.39,-1.17,-1.65
4.80,5.46,5.28,4.86,4.23,3.67,2.97,-0.59,-1.59,-0.36,0.94,1.17,0.70,0.68,1.34,0.77,0.29,-0.90,0.10,1.83,2.53,2.44,1.47,0.77,1.03,-0.25,-1.49,-2.98,-2.60,-1.94,-1.76,-2.27,-3.01,-2.73,-1.93,-1.97,-1.54,-0.35,1.58,3.62,5.13,4.48,1.72,2.79,2.68,1.13,-0.22,-0.86,-0.70,-0.03,0.40,0.23,-0.11,-0.06,0.46,1.14,1.77,1.74,1.31,1.35,1.90,2.37,2.19,1.81,1.60,1.44,1.11,0.70,0.29,0.02,-0.00,0.08,0.21,0.35,0.34,-0.00,-0.29,-0.39,-0.61,-0.94
4.68,4.59,4.21,3.75,1.61,-0.84,-1.91,-3.02,-3.15,-3.05,-2.68,-1.57,0.05,-0.60,-1.74,-0.01,-0.89,-1.70,-1.86,1.24,2.70,2.01,1.40,1.35,0.46,-1.42,-1.48,-0.78,-0.39,-0.24,0.31,0.92,-0.48,-1.36,-0.23,0.37,0.41,1.60,2.15,4.60,6.72,7.84,6.47,5.10,4.96,3.31,1.51,0.65,0.66,1.20,1.97,2.53,2.48,2.49,2.97,3.45,3.67,4.19,4.36,3.83,3.62,3.71,3.59,3.32,3.13,2.94,2.41,1.89,1.70,1.81,2.01,2.00,2.06,2.30,2.51,2.38,2.07,1.60,0.96,0.47
4.10,3.26,2.37,0.42,-3.13,-2.51,-1.26,-0.87,-1.91,-2.83,-2.71,-2.56,-2.51,-2.34,-1.62,-1.30,-1.38,-1.40,-3.49,-0.53,3.41,2.64,0.21,1.93,0.53,-0.40,0.58,0.91,0.79,1.35,1.78,1.69,1.35,0.52,1.25,1.21,1.74,2.08,2.28,4.87,5.47,7.05,7.22,6.68,6.52,5.08,3.19,2.47,1.61,1.04,2.13,3.25,3.98,4.30,4.92,5.65,6.03,6.19,6.34,6.15,5.47,4.89,4.93,4.78,4.42,4.06,3.47,2.75,2.62,3.31,3.91,3.96,4.05,4.34,4.47,4.44,4.51,4.28,3.70,3.03
2.76,1.28,0.33,-0.77,-0.16,0.14,1.03,2.87,3.45,3.11,1.43,-0.15,0.20,1.14,-0.48,-1.37,-1.67,0.04,-1.35,0.85,3.63,3.75,2.35,0.42,-1.83,-0.95,-0.01,-0.10,0.72,1.71,1.89,2.69,2.31,1.33,1.74,2.09,2.55,1.77,2.16,3.94,4.80,4.81,6.31,7.06,7.53,6.55,4.81,2.48,-0.04,-1.23,-1.19,-0.29,1.13,2.23,3.34,5.23,6.70,7.05,6.97,6.97,7.05,6.48,6.16,6.30,6.12,5.34,4.02,2.68,2.30,2.94,4.02,5.20,6.15,6.57,6.69,6.68,6.65,6.59,6.37,5.69
0.85,0.05,-1.34,-1.97,-0.72,1.44,2.13,3.18,4.56,4.27,4.82,4.14,2.56,2.18,-0.02,-1.45,-1.37,3.71,4.02,0.88,3.26,3.56,3.20,-1.01,0.16,1.04,1.37,0.15,-0.71,1.15,1.43,1.78,1.36,0.86,2.08,3.08,2.66,2.15,2.85,3.74,3.04,3.74,4.86,6.31,7.50,6.16,3.80,-1.11,-3.65,-4.34,-5.36,-5.41,-5.57,-5.11,-3.30,-0.15,3.01,4.80,6.13,6.77,6.72,6.50,5.24,5.84,6.12,4.22,0.11,-1.43,-1.39,-0.32,1.19,3.05,4.55,6.33,8.10,8.81,8.65,8.03,8.17,8.15
-1.83,-1.39,0.41,2.55,1.49,2.75,2.70,2.79,5.10,3.73,5.15,4.34,2.79,2.83,0.11,-1.26,1.95,6.89,3.65,0.60,6.05,5.48,2.84,0.01,1.79,1.55,0.76,0.26,-0.68,0.27,1.41,0.74,-0.97,0.26,1.70,2.23,1.84,2.25,3.60,4.00,2.70,2.80,2.93,4.60,4.95,3.79,-0.96,-6.77,-7.16,-6.70,-6.93,-7.40,-7.19,-6.42,-5.66,-4.88,-4.29,-3.80,-3.48,-3.30,-1.32,1.60,4.07,3.72,0.35,-4.23,-6.49,-5.63,-3.89,-2.52,-0.77,1.10,2.79,4.71,6.64,8.64,9.35,9.32,9.27,9.29
-1.20,2.13,3.39,4.43,4.06,3.58,4.30,4.96,7.03,7.60,7.95,5.68,4.52,3.44,2.93,1.58,5.53,7.16,3.41,3.65,7.06,8.21,3.70,1.98,0.49,-0.03,-0.54,-1.06,-1.33,-0.07,-0.16,-1.51,-1.95,-1.98,-0.03,1.24,3.53,2.41,1.26,0.72,-0.30,-0.67,0.36,-2.07,-8.15,-10.12,-10.13,-8.14,-6.49,-6.13,-5.60,-5.23,-5.68,-6.13,-6.82,-8.12,-9.66,-10.75,-12.17,-13.64,-14.95,-14.31,-11.81,-10.37,-10.38,-10.33,-8.66,-6.00,-4.16,-3.04,-1.91,-0.50,1.13,3.26,5.60,7.85,9.15,9.93,10.51,10.63
1.71,4.86,5.25,5.19,4.11,3.55,5.14,5.87,6.52,6.45,6.35,5.17,2.92,2.80,4.70,5.48,7.25,7.89,6.93,5.42,4.13,7.27,3.89,0.29,-0.29,-1.40,-1.34,-2.00,-1.39,0.58,-0.97,-2.72,-3.35,-2.96,-1.52,0.41,1.61,-1.77,-4.16,-4.67,-5.09,-6.51,-11.19,-14.33,-12.78,-9.76,-8.02,-6.67,-5.86,-4.65,-3.29,-1.91,-4.13,-5.18,-6.18,-7.19,-7.74,-7.81,-8.20,-8.87,-9.92,-10.45,-9.83,-8.92,-6.89,-5.95,-5.32,-4.65,-4.87,-4.81,-3.80,-2.05,-0.22,2.25,5.09,7.91,9.78,11.15,11.98,12.65
3.10,5.46,6.01,6.54,6.07,5.96,6.76,6.92,7.02,7.47,6.91,6.87,6.70,5.06,6.77,7.68,8.43,8.27,7.96,4.16,-1.25,0.75,0.97,-1.05,-0.26,-1.07,-1.03,-1.67,-1.46,-2.30,-3.22,-4.61,-5.11,-3.78,-2.30,-1.91,-2.75,-4.46,-5.35,-5.71,-6.67,-12.08,-12.93,-10.87,-9.47,-7.93,-7.38,-6.80,-5.92,-4.35,-2.78,-1.83,-1.13,-3.00,-4.72,-4.94,-5.54,-5.08,-4.52,-5.07,-5.97,-6.86,-7.46,-7.51,-6.37,-5.61,-5.09,-5.99,-6.32,-5.36,-3.68,-1.97,-0.41,1.55,4.04,6.94,9.05,11.35,12.79,13.63
3.67,5.66,7.48,9.00,7.67,7.95,9.57,8.70,8.98,9.67,8.51,9.76,9.05,6.57,7.08,9.10,7.79,4.99,1.44,-2.54,-6.28,-5.88,-5.82,-2.84,-0.28,-0.34,-0.87,-1.86,-0.31,-0.58,-2.07,-3.89,-3.45,-2.32,-1.95,-3.21,-6.01,-6.85,-6.00,-5.66,-7.18,-10.24,-8.91,-8.61,-8.58,-7.09,-6.19,-5.87,-5.26,-3.89,-2.99,-1.58,-0.99,-1.49,-1.37,-1.67,-2.44,-3.10,-3.16,-3.45,-3.91,-4.74,-5.69,-6.58,-6.60,-6.20,-5.95,-6.02,-5.57,-4.51,-3.31,-2.47,-1.80,-0.83,1.43,4.12,6.11,9.10,11.38,12.52
