data/2017092600_UV_SFC.json
{"header": { "refTime": "2017-09-25T06:00:00.000Z", "parameterCategory":  2, "parameterNumber":   2, "surfacelType": 104, "surfacelValue":        0.0, "forecastTime":   18, "scanMode": 0, "nx": 101, "ny": 61, "lo1": 80, "la1": 60, "lo2": 180, "la2": 0, "dx": 1, "dy": 1 }, "data":
[rows 0 to 34 of 61, columns 0 to 78 of 101]
2.34,1.23,1.35,1.98,2.34,1.67,2.18,1.84,1.03,0.71,0.19,-0.05,0.95,1.22,0.57,0.61,1.37,1.18,0.65,0.79,1.36,1.55,-0.33,-1.76,-1.52,-2.21,-1.89,-1.02,-0.83,-0.90,-1.04,-0.96,-1.10,-1.24,-0.94,-1.10,-0.96,-0.72,-1.84,-3.36,-3.92,-3.56,-3.08,-2.17,-1.59,-0.51,0.07,1.03,1.92,3.01,1.29,-0.15,0.02,-1.26,-0.45,0.53,0.69,0.43,0.15,-0.23,-0.76,-1.11,-1.35,-2.26,-2.83,-3.44,-5.49,-6.52,-6.65,-6.49,-6.09,-6.60,-6.68,-6.59,-6.53,-6.30,-6.32,-6.50,-6.64
3.43,2.82,3.12,3.20,3.37,3.24,3.70,3.31,2.23,1.48,0.99,1.17,1.77,1.91,0.60,0.57,1.80,1.88,1.16,1.52,2.48,1.35,0.17,-1.62,-1.14,-1.75,-1.96,-1.48,-1.58,-1.72,-1.32,-1.05,-1.17,-1.60,-1.34,-0.88,-0.76,-0.32,-0.85,-2.52,-3.00,-1.65,-1.21,-1.27,-2.38,0.53,1.24,1.59,1.25,3.08,2.98,1.03,-0.46,-0.92,0.12,0.89,0.95,1.11,0.85,0.83,0.16,-0.06,-0.66,-1.34,-2.37,-2.25,-3.75,-5.32,-5.79,-5.99,-6.07,-6.50,-6.98,-6.99,-6.77,-6.58,-6.67,-6.82,-7.05
4.54,4.36,4.73,4.77,4.75,4.69,5.09,4.50,3.34,2.48,1.92,2.16,2.64,2.52,1.42,1.12,1.81,1.92,2.01,2.50,2.05,0.48,-0.09,-0.51,-0.11,-1.93,-1.95,-1.82,-2.17,-2.68,-3.10,-3.00,-1.55,-1.51,-1.57,-1.07,-0.80,-0.16,-0.76,-2.46,-2.71,-2.29,-2.46,-2.44,-2.72,0.12,1.62,2.93,2.94,3.60,3.60,2.27,-0.18,-0.97,-0.00,0.99,0.91,1.16,1.10,1.25,0.56,0.11,0.04,-0.11,-0.60,-2.32,-3.30,-3.07,-4.06,-5.12,-6.14,-6.70,-6.87,-6.86,-6.68,-6.50,-6.67,-7.03,-7.40
5.75,5.69,6.04,6.09,6.25,6.06,6.04,5.76,4.45,3.56,3.33,3.34,3.58,3.14,2.30,2.06,1.31,2.16,1.66,2.62,-0.02,-1.08,-0.46,1.32,-0.42,-2.29,-1.82,-1.49,-2.05,-2.49,-2.65,-3.32,-3.08,-1.90,-1.69,-1.47,-0.38,0.69,-0.14,-1.63,-1.51,-1.48,-1.45,-1.79,-1.46,-0.10,1.88,3.35,3.42,3.76,3.81,2.73,0.52,-0.20,0.47,0.75,0.09,0.28,1.14,1.61,0.57,0.36,0.48,0.31,-0.18,-1.22,-3.87,-2.51,-2.55,-3.52,-5.19,-5.70,-5.95,-6.37,-6.33,-6.02,-6.15,-6.63,-7.08
7.02,6.76,6.96,7.04,7.34,6.93,7.25,6.81,5.66,5.26,4.78,4.89,5.06,4.46,3.04,2.54,-0.24,2.42,3.31,1.64,-0.24,-0.89,0.74,1.99,0.18,-2.07,-1.46,-0.79,-1.59,-2.42,-2.41,-2.55,-2.96,-3.40,-1.90,-1.51,-0.41,0.70,0.69,0.24,0.31,0.25,0.12,-0.24,0.43,0.90,1.49,2.84,3.04,3.66,2.43,1.97,0.54,0.27,-0.05,-0.12,-0.56,0.37,1.71,1.80,1.46,0.40,-0.07,0.01,-0.20,-1.61,-2.26,-2.31,-2.57,-3.17,-4.05,-3.96,-4.53,-5.00,-5.65,-5.59,-5.65,-5.73,-6.21
8.00,8.35,7.88,8.18,7.92,7.53,7.49,6.89,6.50,7.49,6.63,6.47,6.64,6.15,4.93,3.61,2.04,3.01,1.75,0.13,-0.97,-0.39,2.07,2.31,0.19,-1.57,-0.95,-0.31,-1.15,-1.99,-1.98,-1.93,-2.09,-2.22,-1.81,-1.06,-0.64,0.51,1.19,1.49,1.99,1.95,1.35,0.67,1.09,2.40,2.08,2.32,3.46,3.43,0.98,0.96,0.03,-0.02,-0.11,-0.28,-0.42,1.16,2.82,2.23,0.49,-0.91,-1.71,-1.31,-0.76,-1.55,-2.33,-2.86,-3.27,-3.50,-3.61,-3.54,-3.95,-3.72,-4.43,-4.62,-4.45,-4.88,-5.38
7.04,7.46,9.30,9.31,8.79,8.21,7.59,7.14,7.28,8.55,8.90,8.25,8.06,7.70,7.05,7.03,5.63,5.59,3.91,0.65,-0.14,0.54,2.15,1.65,-0.06,-1.33,-0.68,-0.26,-0.70,-1.37,-1.29,-1.22,-1.22,-0.79,-0.37,0.15,0.83,1.13,1.86,2.36,1.67,1.82,1.68,0.30,-0.47,1.67,3.12,3.12,3.67,3.54,1.22,1.01,-1.11,-1.71,0.17,-0.15,0.18,1.90,2.82,1.31,-0.85,-1.52,-2.16,-2.57,-2.18,-2.06,-2.43,-3.44,-3.77,-3.75,-3.69,-3.41,-3.92,-3.74,-3.45,-3.86,-3.51,-3.25,-4.39
3.78,5.46,6.37,9.91,9.62,8.95,8.47,7.83,8.05,9.23,9.95,9.97,9.01,8.62,8.62,9.11,7.16,7.77,6.76,4.03,2.20,1.22,1.57,1.14,0.24,-1.62,-0.99,-0.62,-0.64,-0.81,-0.29,-0.04,0.06,0.80,0.98,1.01,1.64,2.12,2.75,1.93,1.08,1.22,0.97,-0.88,-1.02,0.53,2.04,4.02,3.31,3.05,1.56,-0.62,-1.93,-2.36,-0.63,-0.23,0.54,2.17,1.39,-0.35,-1.47,-2.00,-2.70,-2.93,-3.30,-2.82,-2.89,-3.66,-3.68,-3.36,-3.63,-3.60,-3.42,-3.41,-3.50,-3.97,-3.99,-3.06,-3.96
5.76,4.72,7.52,9.45,9.60,9.89,9.11,8.74,9.32,10.08,10.01,10.42,9.79,9.27,9.72,10.04,8.60,9.01,8.36,4.51,3.19,3.05,2.45,1.43,-0.04,-1.63,-1.47,-0.80,-0.23,0.12,0.99,1.44,1.48,2.57,2.08,1.60,2.14,3.12,3.19,2.28,1.35,0.94,0.30,-0.71,-0.71,0.16,1.85,2.52,2.64,2.04,0.42,-1.22,-2.13,-2.76,-1.28,-0.41,0.58,1.34,-0.30,-1.54,-3.12,-3.29,-3.04,-2.47,-3.10,-3.55,-4.02,-4.42,-3.68,-3.52,-3.81,-3.62,-3.03,-2.97,-3.23,-4.01,-4.89,-4.61,-4.81
7.67,8.13,9.69,9.00,8.96,9.59,9.67,9.68,10.32,10.97,10.91,10.36,10.21,10.49,11.05,11.22,10.73,9.76,8.73,4.45,5.84,5.62,3.70,2.57,0.98,-0.43,-0.23,0.62,1.29,1.98,3.03,3.39,2.82,3.62,3.10,1.89,2.58,3.31,2.88,2.08,1.53,1.05,0.87,1.29,1.62,0.32,1.82,2.34,1.68,0.77,-1.12,-1.33,-1.58,-2.19,-1.72,-1.12,-0.70,-0.86,-2.17,-2.27,-4.36,-5.23,-4.27,-2.83,-2.86,-4.27,-4.67,-5.20,-4.79,-4.09,-3.93,-3.93,-3.09,-2.70,-2.66,-3.62,-4.62,-5.08,-5.86
5.86,8.60,9.44,9.04,8.57,8.74,9.43,9.75,10.45,11.66,10.75,9.71,10.84,10.79,11.58,12.29,12.06,10.24,9.87,5.35,9.52,8.24,4.81,4.16,2.79,1.80,1.46,1.31,2.33,4.12,5.37,5.44,3.83,3.68,3.10,2.53,3.22,2.85,1.86,1.37,0.99,0.98,1.17,1.79,1.68,1.53,1.52,0.95,1.06,-0.22,-1.57,-1.92,-1.54,-2.05,-2.10,-2.29,-2.21,-2.03,-2.15,-4.06,-6.24,-7.45,-6.14,-4.86,-3.56,-4.95,-5.41,-5.91,-6.02,-5.05,-4.01,-3.89,-3.21,-2.74,-2.89,-3.30,-3.84,-4.78,-5.68
5.98,6.79,8.20,8.12,8.29,8.55,8.59,8.89,10.07,10.80,9.33,10.08,10.73,10.78,11.40,12.64,13.17,12.35,11.35,4.61,9.24,10.04,6.39,3.39,2.96,2.53,1.05,-0.52,2.70,4.69,5.93,6.36,3.56,2.94,2.36,2.31,2.96,1.95,1.00,1.26,1.65,0.65,0.02,0.82,-0.16,0.15,0.76,-0.40,-0.21,-1.03,-1.82,-2.33,-2.34,-2.13,-2.87,-3.42,-3.21,-3.14,-3.18,-4.51,-5.42,-6.41,-7.13,-6.46,-5.26,-5.34,-5.71,-5.86,-5.98,-5.88,-4.82,-3.78,-3.71,-3.54,-3.34,-3.08,-3.79,-4.55,-5.18
6.59,7.31,7.95,7.36,7.65,8.18,8.53,8.78,8.68,8.86,9.15,9.54,9.01,8.52,9.38,9.73,9.57,9.20,7.73,3.12,6.74,8.81,5.56,1.68,2.79,1.65,-1.05,-1.10,2.49,3.76,3.11,4.43,2.45,1.86,1.65,1.75,1.74,1.32,1.10,1.42,0.78,-1.96,-1.69,-1.95,-2.20,-0.84,-0.28,-1.27,-1.15,-1.59,-2.27,-2.29,-2.32,-2.84,-3.47,-4.36,-4.11,-3.97,-3.87,-4.54,-5.18,-5.61,-6.26,-6.35,-6.04,-6.06,-5.44,-4.12,-6.53,-7.20,-6.37,-5.75,-6.10,-5.06,-3.55,-3.33,-4.13,-4.86,-5.04
4.61,7.00,7.01,5.99,5.61,6.31,6.78,6.61,7.05,7.69,8.10,8.16,8.33,7.91,7.77,6.78,5.20,4.53,3.86,2.35,5.13,1.13,-0.23,2.61,0.13,-1.65,-1.35,-0.63,2.12,5.08,4.07,2.00,0.40,0.41,0.49,0.47,-0.03,0.32,0.46,-0.41,-2.14,-3.07,-2.89,-3.74,-2.74,-2.16,-2.30,-2.74,-2.46,-2.41,-2.78,-2.65,-2.27,-2.83,-3.72,-4.20,-4.25,-4.26,-4.11,-4.33,-4.85,-5.03,-5.98,-6.29,-6.50,-6.48,-6.06,-5.65,-8.80,-8.53,-8.00,-7.96,-7.38,-5.84,-4.61,-3.92,-4.68,-5.17,-5.11
3.40,4.81,5.02,4.39,4.31,5.20,4.49,5.03,5.33,5.62,6.26,6.82,6.91,5.28,3.82,2.53,2.08,2.57,0.25,1.58,2.67,-1.36,-0.63,-0.06,-1.96,-1.84,-1.66,-0.75,2.22,4.32,3.67,0.15,-1.23,-1.06,-1.03,-1.40,-0.86,-0.28,-0.80,-3.52,-5.47,-3.63,-2.70,-3.29,-5.13,-4.72,-4.64,-4.11,-3.64,-3.61,-3.42,-2.73,-1.82,-2.02,-2.91,-3.35,-3.43,-4.02,-3.96,-4.00,-4.50,-4.64,-5.85,-6.77,-6.46,-6.90,-7.23,-7.00,-8.02,-8.63,-8.51,-8.19,-8.17,-7.04,-5.83,-5.23,-5.60,-5.45,-5.26
1.32,2.05,2.83,2.98,3.87,3.75,3.23,3.92,3.58,3.50,3.97,4.03,3.88,2.33,1.67,1.29,1.19,1.20,-2.55,0.64,0.61,-0.98,-0.64,-1.28,-1.68,-1.80,-1.78,-0.33,2.36,2.80,0.82,-1.27,-2.04,-2.26,-2.66,-2.13,-0.85,-0.20,-1.27,-4.48,-5.54,-4.64,-4.86,-5.30,-6.29,-6.33,-5.52,-4.06,-3.06,-2.68,-2.57,-1.79,-0.85,-0.71,-1.12,-2.10,-2.45,-3.38,-3.34,-3.48,-4.37,-4.64,-5.95,-6.99,-6.41,-7.15,-7.86,-7.68,-7.66,-8.00,-8.31,-8.24,-8.12,-7.69,-6.55,-6.05,-6.11,-5.82,-5.61
0.30,0.41,1.23,2.00,2.24,2.58,2.45,2.64,2.37,1.98,1.47,0.99,1.43,0.69,-0.75,-2.12,-2.31,-2.64,-2.78,-1.49,-1.94,-1.54,-1.89,-2.28,-2.13,-1.24,-0.27,0.61,2.32,0.14,-1.25,-2.28,-3.05,-3.29,-3.10,-2.11,-0.73,-0.42,-1.27,-3.29,-4.23,-6.11,-3.78,-3.68,-4.86,-5.36,-4.64,-3.53,-2.26,-1.28,-0.96,-0.40,0.11,0.31,0.25,-0.79,-1.76,-2.40,-2.41,-2.90,-4.22,-4.81,-5.98,-6.75,-6.69,-7.77,-8.06,-7.93,-7.72,-7.40,-7.42,-7.44,-7.14,-6.72,-6.52,-6.15,-6.19,-6.00,-5.67
-0.27,0.19,1.39,1.66,1.39,1.24,1.37,1.23,0.78,0.05,-0.60,-0.30,-0.21,-0.58,-2.20,-3.55,-3.37,-3.57,-2.84,-2.30,-2.60,-2.25,-1.99,-1.98,-1.84,-1.05,0.94,2.32,0.11,-1.96,-2.40,-3.19,-3.43,-3.41,-3.03,-2.18,-1.44,-2.34,-2.89,-1.60,-0.95,-4.68,-1.37,-2.35,-4.29,-4.60,-4.45,-3.77,-2.78,-1.71,-0.77,0.04,0.27,0.64,0.87,0.50,-0.44,-1.23,-1.61,-2.27,-3.81,-4.80,-5.93,-6.43,-6.84,-7.31,-7.78,-7.39,-7.23,-7.04,-6.20,-6.07,-5.99,-5.86,-5.85,-5.99,-6.29,-5.96,-5.53
-0.78,-0.14,1.39,2.64,1.68,1.47,0.87,0.50,0.05,-0.30,-0.21,-0.02,-0.63,-1.32,-2.17,-2.84,-2.54,-2.58,-3.11,-2.30,-2.57,-2.72,-1.73,-2.22,-2.06,0.33,2.05,0.81,-2.43,-3.41,-2.69,-2.97,-3.02,-3.15,-3.11,-2.62,-3.21,-5.27,-5.67,-4.17,-2.74,-3.48,-1.28,-3.01,-3.50,-3.60,-3.57,-3.38,-2.70,-1.92,-1.24,-0.48,0.02,0.71,1.35,1.55,0.96,0.01,-0.65,-1.53,-3.18,-4.45,-5.65,-5.97,-6.16,-6.90,-7.50,-7.06,-6.77,-6.61,-5.27,-4.97,-5.19,-5.27,-5.48,-5.90,-6.30,-5.82,-5.22
-2.79,-1.25,1.77,3.13,2.52,2.52,1.50,0.80,0.56,0.50,0.61,0.61,0.00,-1.15,-2.15,-1.88,-1.97,-2.85,-2.92,-1.72,-2.18,-2.51,-1.92,-0.91,1.85,4.00,2.14,-1.27,-2.71,-2.62,-1.93,-2.18,-2.53,-2.73,-3.19,-3.35,-3.95,-5.84,-6.40,-5.79,-5.51,-4.89,-4.38,-4.80,-4.45,-3.06,-2.30,-2.18,-1.88,-1.63,-0.97,-0.09,0.28,1.02,1.71,1.90,1.56,0.79,0.17,-0.73,-2.34,-3.81,-5.01,-5.25,-5.58,-6.17,-6.70,-6.59,-6.57,-6.27,-5.33,-4.50,-4.31,-4.54,-5.48,-6.40,-6.11,-5.84,-5.44
-2.14,-1.81,1.62,2.32,2.59,2.49,1.95,1.63,1.21,1.01,0.81,0.88,0.41,-1.06,-1.51,-1.67,-2.41,-2.69,-2.05,-0.53,-0.83,-1.10,-0.32,0.61,2.66,2.83,1.01,-0.21,-1.42,-2.02,-2.50,-1.90,-2.04,-2.28,-3.11,-3.60,-3.65,-4.51,-5.43,-5.28,-5.01,-5.18,-5.21,-5.05,-4.70,-3.49,-2.50,-1.82,-1.08,-0.94,-1.53,-1.59,-1.21,-0.53,-0.43,0.68,0.75,0.22,-0.30,-0.56,-1.54,-2.70,-3.85,-4.32,-4.58,-4.66,-4.96,-5.52,-5.94,-5.62,-5.22,-4.51,-3.85,-3.56,-4.39,-5.20,-5.51,-5.80,-5.27
-2.49,-1.50,-0.89,0.97,1.94,0.99,1.91,2.31,1.59,1.26,0.95,0.76,-0.50,-1.08,-1.20,-1.43,-2.60,-1.51,0.53,-0.20,0.26,0.06,0.99,1.62,2.02,2.29,-0.18,0.75,0.28,-2.45,-2.00,-1.96,-1.53,-1.68,-2.52,-2.91,-2.98,-3.16,-3.74,-4.17,-4.39,-4.39,-4.19,-3.92,-3.71,-3.58,-2.74,-2.02,-1.46,-1.80,-2.49,-2.11,-2.06,-2.16,-2.53,-2.33,-1.36,-1.25,-1.62,-1.10,-0.89,-1.25,-1.97,-2.63,-2.94,-2.98,-3.12,-4.22,-4.43,-4.18,-4.09,-3.81,-3.53,-3.28,-3.16,-3.31,-4.03,-4.59,-4.54
-0.46,0.40,-0.51,-1.36,-1.43,0.55,2.69,2.55,1.89,1.44,1.21,0.80,-1.08,-2.09,0.37,-1.31,-2.91,-1.75,-0.04,0.27,1.48,0.41,1.08,1.97,2.10,-1.30,-1.08,0.30,0.15,-2.09,-1.73,-1.33,-0.74,-0.61,-1.53,-1.77,-1.74,-1.69,-1.92,-2.54,-2.89,-3.01,-2.35,-2.60,-2.91,-3.27,-2.71,-2.22,-2.12,-2.24,-1.83,-1.53,-1.70,-2.10,-2.85,-3.29,-3.07,-2.70,-2.29,-0.79,0.08,0.23,0.45,-0.26,-0.76,-1.04,-1.30,-2.04,-2.71,-2.76,-2.53,-2.35,-2.42,-2.61,-2.86,-2.48,-2.30,-2.90,-3.43
2.25,2.48,2.23,0.02,-0.48,1.11,2.98,2.65,2.51,1.91,1.36,-0.26,-1.51,-2.98,1.65,-0.88,-2.23,-1.66,-1.01,1.17,1.98,0.81,0.86,2.04,1.49,-0.87,-0.42,-0.73,-0.91,-1.90,-1.22,-0.92,-1.03,-0.82,-0.91,-0.26,0.16,0.32,0.64,0.67,1.22,-0.79,0.02,-0.86,-1.46,-1.86,-1.70,-1.18,-0.61,-0.27,-0.17,-0.31,-0.61,-1.17,-1.93,-2.38,-2.28,-1.96,-1.34,-0.14,1.19,2.08,2.54,2.03,1.32,0.91,0.52,0.21,-0.45,-1.23,-1.14,-0.75,-0.69,-0.97,-1.65,-2.14,-1.63,-1.34,-2.26
3.74,3.83,3.51,2.71,1.92,1.63,1.62,2.30,2.18,1.78,1.74,0.41,-1.02,-1.06,1.74,-0.09,1.08,-1.39,-0.99,1.00,1.99,1.63,0.84,2.15,1.11,-0.22,-2.12,-2.18,-1.11,-2.20,-1.40,-0.78,-0.56,-0.25,-0.24,1.10,1.79,2.21,2.74,3.07,2.37,-1.36,-0.00,0.75,0.41,0.27,0.16,0.26,0.64,1.14,1.37,1.43,1.30,0.81,0.06,-0.55,-0.69,-0.38,0.42,1.31,2.06,2.90,3.44,3.55,3.42,3.25,2.59,2.04,1.76,1.12,0.82,1.02,1.35,1.29,0.75,-0.01,-0.49,-0.31,-0.54
4.07,4.08,3.55,2.32,1.55,1.79,0.88,-0.78,-0.15,0.66,1.02,0.51,0.12,-0.81,0.28,0.41,-0.39,-1.00,-0.15,1.49,2.63,2.30,1.15,1.36,1.19,0.06,-1.97,-2.12,-1.43,-1.56,-0.53,0.39,0.84,0.66,1.17,1.91,2.60,3.20,3.46,3.68,4.55,4.76,0.39,2.01,2.17,2.02,2.12,2.38,2.64,2.97,3.43,3.69,3.59,3.23,2.61,1.93,1.49,1.45,1.89,2.34,2.66,3.64,4.37,5.31,5.98,6.12,5.51,4.82,4.30,3.83,3.40,3.28,3.41,3.53,3.15,2.57,1.80,1.19,1.09
3.10,2.41,0.02,-1.91,-2.51,-3.10,-3.94,-3.78,-2.91,-2.08,-1.39,0.33,1.86,0.51,-0.83,-0.12,-0.07,-1.22,-1.46,0.27,2.56,2.61,1.28,1.65,1.79,0.80,-0.35,-0.67,-0.18,-0.24,0.89,2.74,2.41,1.63,3.05,3.14,3.09,3.83,3.57,4.17,4.52,7.00,6.64,4.29,3.95,3.67,3.95,4.83,4.84,4.98,5.28,5.78,5.86,5.78,4.98,4.25,3.57,2.81,2.47,2.67,3.20,4.05,5.18,6.63,7.94,8.71,8.69,8.02,7.40,6.76,6.04,5.66,5.40,5.33,5.19,4.77,4.19,3.43,2.80
1.91,-1.30,-3.45,-4.67,-4.23,-3.71,-2.72,-1.01,0.26,0.22,0.18,0.94,-0.39,-1.90,-0.07,-0.55,-1.20,-0.60,-1.26,-0.86,2.39,2.99,1.20,2.89,2.97,2.20,1.94,0.97,0.87,1.44,1.99,1.59,2.62,2.28,3.63,2.24,3.72,4.30,3.25,5.05,3.90,5.30,6.79,5.81,4.98,4.32,4.24,5.56,6.82,6.99,6.63,5.80,6.02,7.36,7.65,5.95,4.42,2.12,0.55,0.77,1.90,2.30,3.21,4.84,7.01,9.47,10.79,11.31,10.53,9.66,8.61,7.92,7.15,6.82,6.82,6.71,6.13,5.56,4.70
-0.43,-2.64,-2.48,-1.72,-0.83,-0.30,0.73,2.56,3.41,3.20,0.81,0.48,1.22,0.47,0.52,-0.68,-1.36,-0.34,-1.16,1.29,3.02,3.42,2.72,3.48,2.96,1.74,1.28,-0.00,0.79,1.23,1.91,2.90,2.93,2.45,4.08,3.49,4.03,3.98,3.69,5.09,5.64,4.74,5.89,6.74,6.47,5.78,5.25,5.34,6.42,5.92,4.84,4.15,4.92,5.12,4.53,2.59,-0.99,-2.82,-3.77,-4.57,-5.01,-4.46,-3.38,-1.32,1.25,4.07,8.64,12.27,12.96,12.33,11.37,10.07,9.02,8.27,8.19,8.34,7.59,6.99,6.39
-0.46,1.27,-0.41,-0.46,0.53,1.75,2.14,2.54,3.81,3.15,2.80,2.10,0.93,0.14,-0.49,-1.47,-1.47,3.48,3.85,-0.05,2.96,3.03,4.05,0.89,-0.25,0.66,0.53,-0.81,-0.58,1.41,2.18,3.41,2.31,2.32,4.53,4.98,4.54,4.27,4.97,5.62,4.92,5.68,5.89,6.96,7.47,7.03,6.97,6.68,6.09,2.73,1.32,0.88,-1.48,-5.28,-7.87,-9.96,-10.49,-9.71,-9.33,-9.06,-8.34,-7.22,-6.22,-5.99,-5.59,-4.88,-2.20,3.36,9.45,13.02,13.64,12.49,11.50,9.58,9.20,8.64,8.04,6.83,6.49
-1.10,-1.46,-0.88,2.53,1.70,3.22,2.47,1.11,2.19,-0.93,2.85,1.52,-0.08,0.54,1.13,-1.28,1.60,7.54,4.12,0.79,6.55,4.41,1.44,-1.76,-0.10,0.37,-0.36,-0.80,-0.44,2.08,4.00,4.11,0.91,2.03,3.77,4.38,3.63,3.07,5.40,6.37,4.38,4.95,5.62,7.07,8.25,7.60,6.95,5.84,2.99,-1.87,-4.47,-7.40,-9.79,-11.21,-11.35,-10.74,-10.05,-9.10,-8.77,-8.85,-7.97,-7.39,-6.99,-8.19,-8.70,-8.91,-8.77,-8.48,-7.68,-5.20,-0.14,4.49,6.72,9.07,10.07,9.23,7.85,5.52,2.72
-0.16,2.44,3.82,3.89,3.49,3.11,3.93,4.20,6.29,5.88,3.47,1.11,2.31,2.85,2.52,1.47,4.56,7.05,4.76,4.05,7.35,7.15,0.28,-0.59,-1.29,-1.03,-1.47,-1.81,-0.90,1.39,3.35,0.75,-1.54,-0.72,1.18,2.33,2.92,1.50,3.25,3.88,4.01,4.25,6.02,7.67,9.13,4.35,1.32,-1.74,-6.01,-9.59,-10.41,-9.14,-8.71,-9.32,-9.19,-8.75,-9.00,-8.81,-8.30,-8.38,-7.76,-7.17,-6.92,-7.60,-8.05,-8.18,-8.40,-8.90,-9.66,-10.14,-10.47,-10.54,-10.29,-8.62,-3.23,4.98,4.55,-1.94,-3.27
2.27,5.20,4.20,4.26,3.67,4.03,5.49,5.48,6.34,6.46,5.32,0.19,-0.58,2.98,5.64,4.53,5.66,7.04,7.34,6.34,3.77,7.32,1.34,-1.75,-2.44,-3.23,-2.48,-2.01,0.08,2.68,2.90,-1.01,-1.96,-2.33,-1.51,-0.82,0.32,0.72,1.82,2.93,4.29,5.97,7.80,7.71,1.66,-6.36,-7.26,-9.79,-10.85,-8.78,-7.68,-5.45,-7.37,-8.33,-8.24,-7.65,-7.28,-7.28,-7.27,-7.47,-7.15,-6.67,-6.51,-6.82,-7.10,-7.30,-7.46,-7.67,-7.84,-7.78,-7.23,-6.81,-6.95,-8.02,-8.65,-7.91,-7.38,-6.48,-4.20
1.76,3.99,4.13,4.71,4.99,5.76,6.31,6.26,5.51,5.78,5.68,4.71,3.41,2.72,5.88,5.71,5.26,6.18,6.74,5.92,4.11,7.71,1.73,-2.29,-2.71,-3.21,-3.26,-4.56,-3.57,-3.03,-3.60,-3.54,-2.99,-2.56,-1.12,-0.25,1.30,1.62,2.40,3.32,3.94,3.18,-0.97,-8.19,-12.27,-11.83,-11.81,-11.05,-8.58,-5.54,-3.91,-4.40,-4.42,-6.12,-7.02,-6.24,-5.73,-5.45,-5.53,-5.96,-6.15,-6.09,-6.14,-6.43,-6.67,-6.86,-6.85,-6.66,-6.41,-6.00,-5.07,-4.15,-3.85,-4.21,-4.68,-4.19,-3.41,-1.62,0.03
2.77,4.41,5.85,6.54,6.49,7.14,8.73,7.72,6.11,6.26,5.73,7.32,6.63,4.43,4.31,6.62,6.14,7.12,5.60,3.08,1.06,0.54,-5.18,-4.95,-2.60,-1.54,-3.76,-4.78,-1.98,-0.88,-1.14,-1.77,-1.56,-1.11,-0.98,-0.92,-0.54,-0.72,-1.43,-1.49,-4.31,-10.80,-12.24,-12.93,-12.07,-11.83,-12.15,-11.73,-9.61,-7.39,-6.04,-4.21,-3.61,-3.63,-2.82,-2.44,-3.10,-3.65,-4.08,-4.49,-4.59,-4.94,-5.37,-5.59,-5.74,-5.86,-5.70,-5.24,-4.71,-4.13,-3.25,-2.79,-3.78,-4.83,-5.40,-5.92,-5.63,-4.08,-2.39
