data/2017092506_UV_SFC.json
{"header": { "refTime": "2017-09-25T06:00:00.000Z", "parameterCategory":  2, "parameterNumber":   2, "surfacelType": 104, "surfacelValue":        0.0, "forecastTime":    0, "scanMode": 0, "nx": 101, "ny": 61, "lo1": 80, "la1": 60, "lo2": 180, "la2": 0, "dx": 1, "dy": 1 }, "data":
[rows 0 to 34 of 61, columns 0 to 79 of 101]
2.91,1.94,2.73,4.08,2.92,2.52,1.98,0.18,-0.02,-1.29,-1.68,-2.32,-2.82,-2.84,-2.51,-3.47,-3.80,-3.44,-2.49,0.22,1.23,-1.31,-2.15,-3.85,-1.68,-0.89,-1.10,-0.92,-1.03,2.20,1.21,-0.17,0.90,0.24,1.82,0.34,-1.23,-1.54,-3.08,0.94,0.86,-0.95,2.42,2.28,-0.06,-1.22,-0.40,0.56,0.86,2.07,2.32,2.02,0.09,-2.01,0.86,2.34,2.15,1.23,-1.05,-2.76,-3.16,-2.04,-2.66,-4.86,-5.72,-5.20,-4.59,-3.72,-3.48,-4.55,-5.01,-6.04,-6.47,-6.61,-6.66,-6.59,-6.42,-6.43,-6.51,-6.41
4.47,4.10,4.00,4.36,3.21,3.27,2.73,2.21,1.85,0.85,-0.38,-1.41,-1.87,-1.84,-1.60,-2.76,-3.04,-1.11,-1.67,2.13,-0.80,-0.35,-3.36,-1.68,-0.64,-1.46,-1.01,-0.90,-0.22,3.26,-0.00,0.22,0.36,0.39,1.27,1.45,-0.07,-0.92,-0.79,-1.62,-0.74,0.43,2.46,3.51,2.77,-2.08,-1.43,0.67,1.05,-0.96,1.02,2.03,2.42,1.96,2.03,2.87,3.33,2.34,1.04,0.02,-2.22,-1.31,-1.32,-3.98,-5.53,-5.21,-4.61,-4.07,-3.76,-5.06,-4.69,-5.37,-5.48,-5.71,-5.96,-6.03,-5.87,-6.02,-6.44,-6.40
5.36,5.39,5.30,4.70,3.43,3.55,4.04,3.69,3.49,2.42,1.39,0.06,-0.85,-0.92,-0.93,-1.60,-2.52,-0.60,0.83,0.93,-1.66,-0.21,-2.33,1.26,-1.66,-2.07,-0.92,-0.63,-0.29,1.39,-2.51,1.86,1.36,0.60,-0.16,1.63,0.57,0.05,-0.84,-0.82,-0.04,0.34,2.41,3.46,3.63,1.66,-1.17,0.33,0.71,-2.41,-0.10,1.73,2.89,3.44,2.78,3.32,3.66,2.89,2.09,2.57,-0.31,-1.47,-1.49,-3.28,-4.72,-5.09,-4.79,-4.48,-4.51,-5.46,-5.35,-5.29,-4.99,-5.12,-5.08,-5.33,-5.12,-4.93,-5.39,-5.73
5.95,6.03,6.15,5.97,4.87,3.83,4.62,4.99,4.70,3.95,3.41,1.83,0.39,0.11,-0.33,-0.59,-1.30,3.10,2.52,-1.76,-3.20,1.89,1.10,0.07,-3.86,-0.67,-0.71,-0.52,-0.15,-0.21,-0.76,0.72,0.82,1.31,-0.44,1.88,1.17,0.37,-1.66,0.41,0.42,0.73,1.61,2.51,3.22,2.88,1.27,1.07,1.30,-1.05,-0.74,0.78,1.56,2.01,2.36,3.25,3.60,3.57,3.14,2.95,0.72,-0.94,-1.40,-2.32,-4.19,-5.32,-5.00,-4.80,-5.17,-5.76,-6.00,-5.96,-5.58,-5.15,-4.61,-4.75,-4.71,-4.65,-4.53,-4.08
7.12,6.77,6.70,6.83,6.53,5.13,5.32,5.62,5.28,5.44,5.55,3.69,2.28,1.85,0.26,-0.63,1.48,3.09,-2.38,-4.01,-0.51,2.03,0.22,-0.90,-2.19,0.40,-0.17,-0.16,1.18,0.41,0.83,0.57,-0.03,0.63,1.02,1.34,2.40,1.14,-0.69,1.05,0.78,0.65,1.74,3.29,4.14,3.28,1.48,2.37,2.87,0.23,-0.66,0.62,0.87,0.99,1.91,2.93,3.61,4.32,3.92,2.68,1.38,-0.33,-1.49,-2.40,-4.34,-5.60,-5.34,-4.95,-5.49,-5.83,-6.14,-6.28,-6.06,-5.86,-5.27,-4.97,-5.09,-4.81,-4.14,-4.05
8.24,8.39,8.19,7.62,7.37,6.82,6.87,6.42,5.49,6.49,7.20,5.78,4.28,3.35,2.17,1.75,2.40,-0.08,-3.18,-2.01,1.48,2.42,0.34,-1.73,-2.13,0.59,0.52,0.44,1.47,1.65,1.88,1.84,1.63,0.62,0.22,0.54,3.46,1.71,1.17,0.86,0.75,1.76,1.59,3.53,4.75,2.96,1.71,3.14,1.95,0.20,-0.15,0.28,0.10,0.48,1.60,2.56,3.54,3.99,4.39,2.80,1.48,-0.04,-0.99,-3.41,-5.19,-5.89,-5.48,-5.30,-5.64,-5.97,-6.16,-5.65,-5.65,-6.12,-6.05,-5.81,-5.53,-4.68,-4.54,-5.34
8.68,8.27,9.26,9.08,8.29,8.10,8.51,7.82,6.48,7.16,7.70,7.18,6.37,5.45,4.79,5.45,2.85,-0.84,-1.13,-1.26,2.68,2.18,-1.31,-4.68,-1.60,0.15,0.78,1.14,1.98,2.60,2.75,2.64,2.62,1.97,0.67,0.10,3.29,2.32,1.49,3.47,3.28,2.50,1.05,1.78,3.04,1.83,1.05,2.56,0.43,-0.25,-0.21,0.08,-0.14,0.35,1.35,2.09,2.99,3.43,3.84,3.12,1.90,-0.28,-0.88,-3.67,-5.26,-6.05,-5.55,-5.45,-5.46,-5.51,-5.64,-5.40,-5.27,-5.53,-6.14,-6.15,-5.35,-4.68,-4.94,-5.79
8.37,6.59,3.76,7.66,9.19,9.31,9.87,9.68,8.51,8.18,7.80,7.66,7.51,7.33,7.37,6.77,6.59,4.59,3.01,1.97,3.90,0.75,-3.55,-2.46,-1.33,0.07,1.52,2.52,3.17,3.40,3.44,3.27,3.28,2.85,1.79,0.75,2.28,4.75,4.62,5.36,2.44,0.15,0.70,-0.52,2.88,1.18,-0.50,1.83,0.66,-0.29,-0.27,-0.01,-0.08,0.33,1.12,1.48,2.25,3.02,3.53,3.17,1.83,-0.13,-1.54,-3.61,-4.75,-5.98,-5.77,-5.39,-5.38,-5.30,-5.04,-5.02,-4.99,-5.15,-5.83,-6.23,-5.42,-4.65,-4.77,-5.24
10.01,7.37,3.67,6.60,8.49,9.68,10.74,10.78,10.40,9.62,8.89,8.77,8.73,8.72,9.38,9.54,8.90,7.80,6.72,5.29,4.26,1.69,1.34,0.56,0.31,2.50,4.07,4.62,4.44,4.35,4.38,4.31,4.33,3.79,2.45,1.10,1.77,3.51,4.70,4.42,0.96,-0.35,0.28,0.94,2.06,1.15,0.59,-0.85,-0.08,-0.40,-0.52,-0.25,-0.12,-0.07,0.50,0.91,1.64,2.43,3.24,2.89,1.23,0.10,-2.42,-3.57,-5.05,-5.89,-5.99,-5.63,-5.54,-5.11,-5.02,-5.01,-4.94,-5.25,-5.87,-6.03,-5.48,-4.73,-4.58,-5.16
8.94,9.06,8.75,8.98,8.60,9.17,11.10,11.57,11.24,10.75,10.50,10.20,10.56,10.65,11.48,12.12,11.29,10.13,7.94,4.60,4.13,3.43,3.95,3.87,3.90,4.93,7.38,7.88,6.60,6.14,6.25,6.06,5.98,5.20,3.15,1.47,1.97,2.95,4.40,2.16,0.34,-0.05,0.66,3.40,3.79,3.13,-0.13,-1.53,-1.26,-1.34,-1.00,-0.57,-0.38,-0.81,-0.36,0.38,1.05,1.84,2.76,2.57,0.63,-0.63,-2.72,-3.45,-5.03,-5.92,-6.23,-6.09,-5.59,-5.12,-5.16,-5.79,-5.85,-5.55,-5.75,-5.86,-5.49,-4.93,-4.60,-5.24
5.66,8.24,10.14,10.02,8.96,9.28,9.88,9.84,9.92,10.38,11.28,11.08,11.64,12.01,12.71,12.76,12.71,11.42,9.68,4.72,5.10,4.72,4.86,5.77,6.66,7.70,7.83,8.45,8.75,8.26,8.46,7.81,7.24,6.44,3.63,2.13,1.96,2.86,3.43,2.27,0.52,1.17,2.94,2.63,1.91,1.88,-0.50,-0.84,-2.01,-2.56,-1.58,-1.04,-1.11,-1.57,-1.13,-0.29,0.58,1.75,2.75,2.39,0.76,-1.58,-3.08,-3.11,-4.92,-5.32,-5.84,-6.33,-5.71,-5.57,-5.56,-6.23,-6.87,-6.41,-6.03,-5.71,-5.47,-5.33,-4.97,-5.00
3.51,7.04,8.80,9.70,8.28,8.82,8.22,7.27,6.89,7.69,9.33,10.25,11.02,11.57,11.77,12.27,11.74,11.03,8.97,4.31,5.16,6.13,5.92,5.43,5.43,8.20,8.57,7.52,6.63,8.52,8.85,8.01,7.29,6.55,3.49,2.06,1.76,2.18,1.96,3.03,3.22,3.15,1.52,-1.19,1.05,-1.34,-1.98,-0.15,-2.28,-3.24,-2.15,-2.07,-2.08,-2.29,-1.81,-0.67,0.64,2.00,2.76,2.46,0.95,-1.73,-3.13,-2.90,-3.78,-4.61,-5.94,-6.61,-6.33,-6.35,-6.38,-6.36,-7.10,-7.16,-6.70,-6.27,-6.21,-5.83,-5.45,-4.91
2.91,6.61,8.28,9.45,7.93,7.56,7.84,7.03,6.53,6.68,7.34,7.50,8.24,8.91,9.60,9.86,8.89,9.03,7.12,4.58,4.50,6.73,6.99,4.81,4.52,6.00,4.20,3.99,5.20,2.61,4.57,6.29,6.16,5.10,2.55,1.46,1.06,1.13,1.68,2.97,3.97,2.07,-0.90,0.56,0.13,-2.33,-3.44,-2.11,-2.07,-3.59,-3.28,-3.09,-2.59,-2.73,-2.00,-0.38,1.46,2.52,2.82,2.49,1.10,-1.48,-3.01,-3.23,-3.48,-4.37,-6.10,-6.87,-7.08,-7.09,-7.33,-7.01,-7.47,-7.99,-7.66,-7.37,-7.18,-6.42,-5.86,-5.22
2.74,5.65,8.40,8.80,6.91,6.65,6.98,6.02,5.67,5.83,6.00,5.81,6.61,7.34,6.97,6.67,8.40,8.58,5.97,4.50,0.21,2.83,1.88,1.66,2.15,0.93,1.34,3.00,4.97,-0.05,0.69,4.45,4.39,2.87,1.18,0.63,0.11,0.51,1.43,2.42,3.61,-1.00,-1.67,-0.75,-4.02,-5.32,-4.19,-3.56,-3.77,-5.25,-4.90,-3.82,-2.97,-2.54,-1.37,-0.05,2.11,3.06,2.79,2.17,1.51,-1.02,-2.91,-3.69,-3.84,-4.84,-6.39,-7.38,-7.90,-7.79,-7.90,-7.60,-8.26,-8.83,-8.57,-8.01,-7.52,-6.68,-6.17,-5.40
1.46,4.13,7.25,6.14,4.80,5.21,4.88,4.15,4.45,4.92,5.28,5.42,5.53,5.81,5.44,7.74,9.43,6.02,3.97,2.38,-1.42,1.89,0.49,-0.65,0.35,0.12,0.19,1.09,3.82,1.57,0.35,3.27,2.66,1.24,0.18,-0.06,-0.31,0.19,1.06,2.02,3.91,-1.40,-3.06,-3.77,-5.49,-5.71,-3.99,-4.72,-6.14,-6.56,-5.92,-5.21,-3.51,-2.01,-0.41,0.47,1.53,2.94,2.74,2.33,1.75,-0.82,-2.78,-3.64,-4.49,-5.29,-7.04,-8.19,-8.74,-8.48,-8.19,-8.00,-8.82,-9.44,-9.44,-8.73,-8.04,-7.31,-6.49,-5.41
0.14,2.66,4.67,3.76,3.34,3.50,3.05,2.93,3.56,4.42,4.14,3.12,3.24,3.41,3.80,3.31,-0.27,-0.06,1.13,-1.63,-1.81,-0.65,-1.34,-1.56,-0.92,-0.43,0.49,1.37,1.69,-0.87,1.03,2.82,1.62,0.22,-0.47,-0.72,-0.80,-0.32,0.49,2.10,2.28,-3.81,-5.02,-4.52,-5.99,-6.05,-4.60,-5.46,-6.09,-6.60,-6.43,-5.35,-3.18,-1.42,0.13,0.70,1.55,3.06,3.10,2.33,1.67,-0.54,-2.33,-3.23,-5.14,-5.43,-7.27,-9.03,-9.11,-8.84,-8.37,-8.23,-8.85,-9.67,-10.19,-9.59,-8.83,-8.20,-7.09,-6.00
0.23,-0.19,1.51,2.63,2.95,3.02,2.99,2.82,2.74,3.44,3.30,2.83,2.61,1.64,1.52,-1.28,-4.03,0.06,0.39,-2.89,-1.76,-1.98,-2.13,-2.38,-1.44,-0.14,1.67,1.00,-0.93,-1.09,0.77,0.64,-0.05,-0.55,-1.26,-1.65,-1.57,-1.15,-0.39,1.29,2.12,-4.94,-5.36,-4.08,-6.00,-7.36,-5.90,-5.63,-5.93,-6.19,-5.72,-3.45,-1.80,-0.25,1.04,1.65,2.82,3.61,3.23,2.47,2.24,0.03,-1.92,-3.36,-4.91,-5.95,-7.46,-8.92,-8.87,-8.55,-8.12,-7.96,-8.43,-9.21,-9.93,-9.68,-9.10,-8.41,-7.04,-6.59
-0.27,-0.67,-1.39,-0.36,2.23,2.72,2.43,2.48,2.26,2.56,2.56,2.92,1.17,-0.89,-0.23,-1.47,-1.89,0.47,-0.82,-2.93,-1.79,-2.76,-3.41,-3.37,-1.73,0.76,3.19,3.07,1.36,0.89,-0.18,-1.44,-1.30,-1.38,-2.01,-2.44,-2.35,-2.18,-1.55,0.48,3.54,-5.64,-3.84,-3.83,-5.54,-7.28,-6.66,-5.93,-5.70,-5.49,-4.29,-1.46,0.13,1.07,2.09,3.11,4.14,4.06,3.19,2.56,2.46,0.29,-2.04,-3.91,-4.66,-6.40,-7.44,-7.86,-8.07,-7.93,-7.85,-7.74,-8.32,-8.96,-9.14,-8.90,-8.73,-8.13,-7.00,-7.03
-0.49,-0.80,-1.31,-2.51,-0.66,1.56,2.57,2.46,2.30,2.46,2.36,2.74,0.94,-1.03,-0.17,-1.07,-0.57,-0.51,-2.09,-2.71,-2.07,-2.62,-3.60,-3.50,-0.88,2.85,4.64,6.52,5.83,2.94,0.19,-1.38,-1.64,-1.91,-2.41,-2.86,-2.99,-3.08,-2.41,-1.19,-0.62,-4.75,-4.50,-3.98,-5.45,-6.54,-6.82,-6.00,-6.02,-5.07,-3.78,-1.24,0.43,1.56,2.52,3.20,4.10,3.87,2.53,1.81,1.48,-0.14,-2.06,-3.65,-4.27,-5.83,-6.77,-7.40,-6.96,-6.95,-7.34,-7.28,-7.68,-8.20,-8.15,-7.75,-7.81,-7.90,-7.44,-7.19
-0.35,-0.71,-1.39,-1.44,-1.72,-1.49,2.09,2.77,2.83,2.67,2.27,1.76,0.76,0.62,0.32,-0.68,-0.17,-1.05,-1.85,-1.92,-1.78,-1.32,-1.72,-1.48,1.15,5.40,9.58,11.39,9.44,4.83,-0.03,-1.66,-1.94,-2.23,-2.57,-3.10,-3.54,-3.57,-3.13,-3.92,-5.85,-6.84,-5.67,-5.02,-5.45,-5.76,-5.91,-5.90,-6.20,-5.31,-3.93,-1.77,-0.19,0.86,1.38,1.51,1.63,1.41,1.21,0.66,0.37,-0.35,-1.37,-2.44,-3.38,-4.62,-5.59,-6.04,-6.07,-6.14,-6.73,-6.66,-6.99,-7.69,-7.66,-7.01,-6.64,-7.21,-7.36,-7.05
-0.53,-1.01,-1.37,-0.56,-0.23,-0.27,0.53,2.27,2.91,2.27,1.18,0.53,1.01,2.38,-0.36,-0.40,1.05,-0.67,-0.62,-0.75,-0.52,-0.49,-0.67,-1.34,-0.21,3.39,7.50,10.53,9.34,7.23,-1.92,-4.33,-2.98,-2.70,-2.82,-3.41,-4.02,-3.65,-3.46,-4.45,-4.89,-4.59,-5.00,-4.98,-5.09,-5.66,-5.69,-5.24,-5.00,-4.88,-4.59,-2.89,-1.27,-0.54,-0.96,-1.60,-1.62,-1.26,-0.53,-0.51,-0.33,0.17,-0.34,-1.52,-2.37,-2.92,-4.01,-4.77,-5.22,-5.52,-5.91,-6.20,-6.57,-6.86,-6.72,-6.24,-5.93,-6.14,-6.31,-5.92
-0.08,-0.55,-0.32,0.12,0.83,0.89,-0.05,0.41,1.89,1.39,0.39,-0.34,2.12,2.16,-1.69,-0.05,1.69,-0.12,-0.64,0.76,-0.03,0.16,-0.04,-1.35,-1.27,-0.17,0.23,-2.61,-2.78,-1.68,-5.35,-7.29,-4.09,-3.12,-3.06,-3.44,-3.81,-3.20,-3.02,-3.69,-3.85,-3.64,-3.81,-4.09,-4.03,-4.70,-5.36,-4.91,-4.46,-4.43,-4.48,-3.69,-2.21,-1.49,-1.72,-2.33,-2.65,-2.46,-1.97,-1.30,-0.27,0.15,-0.58,-1.07,-0.87,-0.76,-1.72,-3.16,-4.13,-4.33,-4.33,-4.80,-5.35,-5.59,-5.45,-5.11,-5.13,-5.34,-5.31,-4.78
1.98,2.09,1.63,1.86,1.48,1.51,0.45,-0.56,-0.57,0.90,0.39,-0.67,2.29,2.15,-2.37,-0.44,1.67,0.81,0.29,0.97,0.03,0.98,0.17,-1.57,-2.20,-2.34,-3.54,-4.21,-6.33,-6.03,-6.01,-4.69,-3.17,-2.97,-3.47,-3.27,-3.05,-2.38,-2.03,-2.19,-1.12,-2.12,-2.76,-3.18,-3.36,-3.67,-4.24,-4.34,-4.02,-3.90,-3.53,-3.23,-2.79,-1.98,-1.32,-1.17,-1.60,-2.06,-1.92,-1.03,-0.16,0.07,-0.29,-0.50,0.03,0.78,0.04,-1.41,-2.76,-3.13,-2.95,-3.20,-3.78,-4.31,-4.48,-4.27,-4.11,-4.33,-4.35,-3.90
3.29,3.74,3.53,3.65,2.99,2.15,1.52,0.88,-0.13,1.15,1.29,0.17,1.51,2.06,-2.73,-1.00,1.65,1.00,0.77,1.16,0.85,1.53,1.14,-0.57,-1.66,-3.17,-4.41,-4.00,-6.02,-6.41,-4.97,-4.11,-2.97,-2.56,-1.62,-1.40,-1.39,-1.98,-0.99,-0.08,4.07,-1.35,-2.42,-2.10,-2.54,-2.98,-3.40,-3.21,-2.69,-2.94,-2.95,-2.65,-2.31,-1.81,-1.11,-0.52,-0.09,0.13,0.08,0.33,0.91,1.47,1.38,0.55,0.47,0.62,0.72,0.00,-1.06,-1.45,-1.42,-1.49,-1.93,-2.61,-3.09,-3.25,-3.22,-3.17,-3.09,-3.10
2.77,3.78,4.60,4.43,3.92,3.45,2.00,1.21,1.06,1.34,1.47,0.81,1.15,1.40,-1.27,-0.93,-0.16,1.83,2.19,2.25,2.21,1.37,1.47,1.12,-0.92,-3.03,-4.13,-3.61,-4.66,-4.68,-3.75,-3.05,-2.71,-1.63,-0.39,-0.06,-0.50,-0.20,-0.50,0.91,4.24,-0.75,-2.72,-0.64,-0.68,-1.57,-2.03,-2.00,-1.40,-1.15,-1.20,-1.07,-0.77,-0.43,-0.08,0.33,1.00,1.95,2.63,2.70,2.38,3.10,3.35,2.25,1.69,1.33,1.06,1.02,0.97,0.90,0.87,0.73,0.19,-0.56,-1.20,-1.73,-2.08,-2.12,-2.02,-2.15
3.17,3.73,3.96,3.59,3.06,2.88,1.68,0.61,0.21,0.74,1.43,1.45,1.56,1.89,0.92,-0.64,-0.26,1.23,3.13,3.18,3.10,2.37,2.07,2.31,0.59,-1.85,-2.30,-3.09,-2.81,-2.06,-1.56,-1.28,-1.16,-0.83,0.42,0.23,0.65,1.68,1.52,1.02,3.66,3.60,-3.07,0.47,1.82,0.76,0.19,0.02,0.49,1.33,1.96,1.94,1.62,1.60,1.98,2.52,3.02,3.49,3.91,4.20,3.89,4.19,4.84,4.57,3.98,3.41,2.73,2.33,2.42,2.66,2.86,2.87,2.41,1.72,1.26,0.78,-0.00,-0.67,-0.96,-1.16
3.34,2.20,1.20,0.82,0.45,-0.05,-0.23,-0.42,-0.55,0.05,0.74,0.38,-0.48,-0.17,0.70,0.64,-0.60,1.29,3.60,4.34,2.22,2.46,2.07,2.95,1.74,-1.49,-1.13,-0.91,-0.84,-1.12,-0.55,0.23,0.56,0.22,0.93,1.55,1.90,3.27,2.79,3.60,3.36,6.13,4.95,3.66,3.89,3.38,2.38,2.30,2.93,3.76,4.64,4.82,4.39,3.93,3.98,4.53,5.05,5.54,6.14,6.71,6.69,6.29,6.06,5.97,5.86,5.52,5.04,4.11,3.59,3.78,4.37,4.55,3.97,3.49,3.39,3.40,2.80,1.77,0.94,0.47
2.62,0.62,-1.22,-1.99,-1.61,-0.48,0.53,0.46,0.50,0.77,-0.27,-0.25,-0.48,-1.10,-1.49,-0.30,-0.00,2.37,3.63,4.58,3.27,0.20,1.26,2.70,2.63,0.50,1.03,0.59,0.19,0.55,0.97,0.17,0.83,1.54,1.92,1.49,2.81,3.99,3.89,5.27,3.67,5.11,6.44,5.76,4.95,4.31,3.30,3.31,4.13,4.74,5.22,5.85,5.80,4.72,4.23,4.73,5.78,6.77,7.72,8.73,9.31,9.40,8.54,7.19,6.65,6.68,6.79,5.88,4.95,4.83,5.34,5.82,5.37,4.93,4.92,4.92,4.72,3.99,3.45,3.00
1.48,0.20,0.08,-0.62,0.22,1.43,2.64,3.35,3.64,3.78,0.55,0.86,1.67,-1.45,-2.32,-1.15,0.94,2.99,3.45,4.86,5.42,-0.19,1.08,-0.46,-2.85,-1.57,0.79,1.21,0.82,0.55,1.41,2.18,2.17,2.01,2.94,3.05,4.18,5.06,4.59,5.36,3.57,2.21,4.51,5.55,4.93,4.55,3.02,1.57,1.14,0.93,1.16,0.76,-0.50,-1.96,-1.60,0.49,2.49,3.71,4.97,6.62,8.58,9.62,10.45,9.81,8.24,7.35,6.91,6.37,5.81,5.39,5.02,5.15,5.37,5.92,6.52,6.41,6.08,5.50,5.36,5.31
1.42,2.01,2.28,2.91,3.07,5.29,6.19,5.22,2.82,2.87,3.22,2.28,2.53,-1.20,-1.77,-0.23,2.36,5.80,5.84,3.52,6.25,-0.95,-1.27,-3.85,-2.94,-1.30,0.86,2.27,1.06,0.49,1.75,2.06,2.02,3.16,4.52,5.08,3.70,4.81,5.83,5.76,2.74,2.72,2.32,3.73,3.90,2.67,1.13,-0.63,-1.89,-3.14,-4.30,-7.34,-8.17,-6.40,-4.47,-3.08,-2.30,-1.86,-0.95,1.39,5.09,7.80,10.14,10.86,10.07,8.51,6.34,5.06,4.09,2.98,2.04,1.71,1.88,2.87,4.48,5.81,6.67,6.75,6.53,6.96
0.84,2.87,4.69,7.00,6.56,7.53,4.92,5.51,3.92,3.53,4.58,2.74,3.39,-0.49,-2.26,-0.60,4.42,6.10,2.26,3.31,5.70,0.63,-4.87,-3.46,-2.31,-0.99,1.19,3.18,2.76,0.91,3.05,2.34,1.66,3.47,5.38,5.62,3.71,5.75,5.83,6.20,2.04,3.60,3.16,1.71,1.19,-1.38,-2.73,-4.28,-5.05,-6.08,-7.70,-8.72,-7.22,-5.94,-5.61,-6.23,-6.96,-7.62,-7.72,-6.38,-4.56,-2.58,1.24,5.58,8.94,9.97,8.02,1.21,-1.92,-2.04,-1.67,-1.01,-0.23,0.72,1.85,3.26,4.43,5.51,6.44,7.86
4.85,7.46,7.07,7.24,6.41,5.70,4.46,5.65,6.07,5.95,5.77,5.58,5.41,4.37,1.02,1.58,6.13,5.21,2.76,4.43,5.30,4.07,-0.45,-2.69,-3.13,-1.21,0.05,1.30,2.40,2.71,2.77,-2.01,-1.39,1.74,3.77,5.37,6.13,4.12,5.11,5.60,0.63,-0.92,-2.14,-2.34,-5.59,-7.64,-8.15,-8.67,-7.80,-7.17,-7.60,-7.40,-5.65,-5.23,-5.37,-6.08,-6.84,-7.55,-8.15,-8.32,-9.61,-11.13,-13.08,-13.85,-13.28,-11.84,-8.94,-8.10,-5.94,-4.20,-3.01,-1.83,-1.05,0.08,1.12,2.44,3.58,4.97,6.32,8.43
8.79,10.53,8.46,8.37,7.14,6.09,6.27,6.70,7.38,7.81,7.99,9.04,8.08,7.82,6.87,5.24,7.03,7.54,7.75,5.94,4.70,6.50,1.83,-2.74,-3.98,-2.67,-0.67,0.44,0.64,-0.34,-2.42,-3.05,-1.54,-0.40,0.19,1.57,2.81,2.41,3.08,0.65,-3.67,-5.39,-7.42,-9.08,-10.23,-10.14,-9.74,-8.48,-6.98,-5.02,-2.71,-3.53,-3.56,-3.80,-4.41,-4.78,-5.20,-5.39,-5.72,-6.59,-7.63,-8.44,-9.73,-10.47,-9.90,-9.46,-9.21,-7.71,-6.52,-5.33,-3.76,-1.43,-0.83,0.05,0.75,1.86,3.04,5.30,7.82,10.04
7.41,9.70,8.29,8.51,8.61,8.31,9.06,9.53,9.89,10.48,10.30,10.56,10.61,9.68,9.78,7.68,8.20,8.15,7.42,4.44,3.07,6.07,2.20,-3.14,-4.06,-3.17,-0.23,2.15,0.56,-2.34,-3.89,-3.19,-2.66,-1.73,-0.21,0.37,0.51,0.19,-0.77,-2.20,-4.18,-10.32,-11.99,-11.68,-10.45,-9.59,-9.41,-8.65,-7.08,-4.16,-1.40,-1.58,-1.26,-1.49,-3.16,-2.75,-4.69,-4.73,-4.19,-4.54,-5.64,-6.00,-6.33,-6.69,-6.70,-6.68,-6.15,-6.11,-5.71,-4.93,-3.99,-1.95,-0.43,0.52,0.60,1.24,2.33,4.69,7.34,9.93
6.42,7.99,9.25,9.62,9.11,9.66,11.13,10.81,11.71,12.16,11.60,12.24,11.45,10.62,10.84,11.51,9.47,9.04,7.78,3.68,-0.43,-0.60,-4.61,-4.75,-3.94,-3.24,-1.23,-0.80,-1.74,-1.97,-2.86,-2.81,-2.59,-1.55,-1.41,-1.82,-2.58,-3.48,-3.59,-5.27,-9.49,-12.76,-12.42,-12.11,-10.38,-8.27,-7.73,-7.64,-7.18,-5.75,-3.68,-2.31,-0.35,0.27,-1.11,0.25,-2.87,-3.88,-3.91,-3.87,-4.31,-4.45,-4.38,-4.47,-4.44,-4.28,-3.80,-3.78,-3.58,-3.29,-2.88,-1.79,0.22,1.56,0.61,0.30,1.38,3.29,4.95,7.02
