data/2017092500_UV_SFC.json
{"header": { "refTime": "2017-09-25T00:00:00.000Z", "parameterCategory":  2, "parameterNumber":   3, "surfacelType": 104, "surfacelValue":        0.0, "forecastTime":    0, "scanMode": 0, "nx": 101, "ny": 61, "lo1": 80, "la1": 60, "lo2": 180, "la2": 0, "dx": 1, "dy": 1 }, "data":
[rows 0 to 35 of 61, columns 0 to 79 of 101]
6.31,6.08,5.21,4.84,5.13,5.66,5.19,4.46,5.36,5.19,4.90,5.10,4.86,4.16,3.57,2.99,1.93,1.04,0.74,0.74,1.42,2.40,2.70,4.83,4.12,3.03,2.99,3.28,3.22,1.79,-0.04,0.02,-0.44,-1.29,-1.45,-1.76,-1.00,-0.29,0.84,1.26,1.09,0.99,1.09,1.61,2.32,3.06,2.62,2.26,1.94,3.09,5.65,6.23,8.05,1.34,-0.74,0.76,1.46,1.67,1.02,0.59,0.70,1.12,1.46,1.01,0.40,0.35,0.49,0.45,0.49,0.82,1.52,2.02,2.45,2.80,3.20,3.37,3.34,3.30,3.27,3.32
6.63,6.72,6.31,5.94,5.50,5.64,5.80,5.05,5.14,5.55,5.60,5.51,5.18,4.74,4.21,3.50,2.17,0.78,-0.06,0.01,1.82,1.60,2.48,4.49,3.45,3.32,3.55,3.68,3.65,2.14,0.74,0.22,-0.37,-0.76,-1.27,-0.53,-0.57,-0.16,0.19,0.91,1.13,0.90,1.82,2.78,2.10,2.38,2.62,2.39,1.45,2.13,1.89,2.65,3.40,0.18,-0.17,0.94,1.96,2.52,0.92,0.05,-0.24,-0.87,-1.30,-1.38,-0.90,-0.38,-0.41,-0.31,0.09,0.53,0.93,1.64,2.33,2.89,3.36,3.81,3.82,3.60,3.40,3.73
5.34,6.35,6.71,6.82,6.16,5.70,5.66,5.33,5.59,6.27,6.27,5.93,5.58,5.58,5.10,3.98,2.15,0.14,-1.06,-1.23,0.41,1.77,2.42,1.92,2.52,4.34,4.54,4.27,3.97,2.79,0.59,-0.70,-0.39,-0.53,-0.63,-0.75,0.70,0.69,1.04,1.04,0.57,0.61,1.77,2.18,1.45,1.59,2.76,2.84,2.47,2.66,2.31,1.32,0.20,-0.11,0.24,0.38,1.53,2.26,1.16,-0.29,-0.94,-1.54,-2.12,-1.78,-0.54,-0.22,-0.15,0.25,0.58,0.90,1.15,1.55,2.17,2.88,3.43,3.58,3.54,3.38,3.27,3.53
4.46,5.63,6.43,6.82,6.68,6.20,6.06,6.35,6.03,5.80,6.28,6.44,6.22,5.16,4.92,3.72,1.84,-0.71,-0.86,0.00,0.49,2.66,1.07,0.96,4.27,4.84,4.52,4.02,3.42,1.90,-0.39,-1.25,-0.77,-0.51,-0.31,-0.57,0.07,0.80,1.55,1.16,0.49,0.33,1.45,2.04,2.24,2.68,3.33,3.61,3.16,3.19,3.66,3.41,2.25,1.40,0.92,0.72,1.84,2.56,1.73,0.16,-0.19,0.12,-1.16,-1.66,-1.69,-1.49,-0.71,0.03,0.68,1.03,1.35,1.35,1.26,1.65,2.29,2.66,3.24,3.67,3.74,3.60
4.19,5.53,6.37,6.42,6.93,6.90,6.65,7.01,7.24,6.71,6.64,6.37,5.74,4.89,3.96,3.13,1.11,0.61,0.78,-0.08,-0.24,0.83,0.88,0.66,4.08,4.47,3.97,3.60,3.06,1.99,0.41,-0.73,-0.83,-0.13,0.34,0.04,-0.43,0.05,0.63,-0.52,-1.79,-1.32,0.05,1.48,2.73,3.98,4.33,4.81,5.17,5.13,5.10,4.65,4.01,2.94,1.76,1.62,2.45,2.77,1.77,0.29,-0.81,-1.55,-1.31,-2.47,-3.52,-2.85,-2.09,-1.58,-1.11,-0.90,-0.78,-0.48,-0.22,0.32,1.20,2.15,3.03,3.28,2.93,2.70
4.14,5.16,6.21,7.17,7.58,7.51,7.13,7.05,7.28,7.27,6.76,6.19,6.11,5.67,5.10,5.07,3.25,3.29,2.20,0.41,-0.65,0.89,1.89,1.90,3.69,4.17,4.43,4.29,4.00,3.34,2.07,0.78,0.38,0.60,0.57,0.12,-0.72,-0.39,-0.30,-1.37,-2.85,-2.66,-0.77,0.70,2.39,4.21,5.04,5.47,6.39,6.26,5.92,5.32,4.38,3.43,2.61,2.71,3.14,3.17,2.20,0.89,-0.49,-1.64,-3.19,-3.88,-4.34,-3.91,-3.23,-2.98,-2.97,-2.96,-2.67,-2.08,-1.19,-0.29,0.58,1.43,2.08,2.46,2.73,2.52
2.29,2.54,5.30,6.53,7.22,7.57,7.33,6.35,5.53,6.21,6.33,5.93,5.41,5.64,5.64,6.12,4.60,3.64,2.59,0.63,-0.09,1.53,1.96,1.84,2.84,3.77,4.58,4.85,4.41,3.78,3.19,2.47,1.89,1.72,0.55,-0.76,-1.30,-0.93,-0.63,-2.52,-3.77,-3.51,-2.38,-0.31,2.43,2.80,4.21,5.49,7.03,7.50,6.73,5.23,4.24,3.29,3.21,3.71,3.70,3.35,2.56,1.30,-0.44,-2.17,-3.56,-4.55,-4.69,-4.39,-4.21,-4.21,-3.61,-3.16,-3.05,-2.42,-1.31,-0.40,0.55,1.06,1.51,1.95,2.31,2.49
2.96,2.34,3.91,6.37,7.36,7.89,7.91,7.00,5.97,5.30,5.56,5.91,5.81,5.69,5.60,5.61,5.06,4.32,3.51,2.61,2.05,2.80,2.16,2.03,2.50,3.14,3.98,4.29,4.00,3.45,3.37,3.39,2.91,2.42,1.22,-0.57,-1.58,-1.38,-1.97,-3.68,-4.15,-3.76,-2.25,-0.97,1.87,2.53,2.89,3.48,5.52,8.13,6.91,5.66,4.71,4.12,4.14,4.35,4.00,3.37,2.56,1.09,-0.73,-2.72,-4.27,-4.96,-5.07,-4.86,-4.65,-4.57,-3.79,-2.88,-2.60,-2.38,-1.57,-1.02,-0.11,1.09,1.40,1.34,1.13,1.17
5.14,2.14,3.45,5.36,6.95,8.01,8.14,7.66,6.65,5.76,5.20,4.82,4.85,5.38,5.66,5.62,5.22,4.89,4.61,2.75,3.24,5.33,4.65,3.24,2.71,3.22,3.74,3.79,3.59,3.35,3.36,3.45,3.12,2.51,1.78,0.19,-1.04,-1.59,-2.38,-3.49,-4.49,-4.66,-4.10,-1.48,0.12,1.85,2.14,0.92,3.30,7.09,6.89,5.99,5.62,5.32,4.94,4.88,4.38,3.54,2.57,0.97,-0.91,-2.54,-4.04,-4.80,-5.06,-5.33,-4.85,-4.42,-3.76,-3.01,-2.35,-1.78,-1.24,-0.78,-0.63,-0.33,0.07,0.63,0.69,0.55
6.49,5.98,5.41,5.23,5.82,7.28,8.04,8.01,7.00,5.78,4.73,3.98,3.81,4.05,4.30,4.82,5.20,4.95,4.72,3.08,4.35,6.00,5.88,5.09,4.54,3.94,4.45,4.25,3.08,2.62,3.18,3.58,3.58,3.27,2.40,0.91,-0.44,-1.32,-1.84,-2.33,-3.30,-3.86,-3.55,-2.57,-0.78,1.05,1.53,1.84,4.30,6.75,6.51,6.30,6.09,5.74,5.77,5.76,5.14,4.07,2.98,1.42,-0.17,-1.58,-2.89,-3.83,-4.52,-4.99,-4.61,-4.19,-3.96,-3.27,-2.21,-1.60,-1.28,-0.83,-0.70,-0.87,-0.18,0.43,0.79,0.88
3.55,7.18,7.60,7.16,6.01,6.21,6.67,6.37,5.43,4.47,3.12,2.38,2.22,2.52,2.94,3.69,4.12,4.26,4.44,1.98,4.07,4.65,5.19,5.83,5.62,4.88,5.06,5.05,3.77,3.40,3.62,4.21,4.67,4.59,3.62,1.64,0.13,-0.37,-1.14,-1.84,-2.97,-3.90,-2.91,-2.07,-0.93,0.65,1.79,2.98,5.50,6.33,6.43,6.29,6.16,6.27,6.59,6.24,5.17,4.79,3.75,2.42,1.10,-0.27,-1.52,-2.80,-3.95,-4.32,-4.32,-4.10,-3.75,-3.09,-1.86,-1.41,-1.69,-1.30,-1.31,-1.38,-0.32,1.04,1.07,1.09
1.39,3.77,5.67,8.09,6.85,5.29,4.57,3.59,2.96,2.55,2.36,1.90,1.67,1.78,2.08,2.48,3.23,3.28,3.71,1.56,3.00,3.88,4.81,3.30,2.36,4.58,4.45,2.55,1.38,3.16,4.10,4.87,5.60,5.71,4.67,2.50,1.08,0.79,-0.25,-1.50,-2.50,-2.74,-3.52,-2.51,-1.09,0.23,1.79,4.25,4.75,6.30,6.37,5.93,6.44,6.97,6.86,5.66,4.87,5.13,4.42,3.43,2.37,1.00,-0.52,-2.14,-3.49,-4.30,-4.10,-3.48,-3.32,-2.69,-1.89,-1.55,-2.16,-2.26,-1.90,-1.89,-1.04,0.31,0.56,0.91
1.95,3.53,5.33,7.28,6.31,4.93,3.83,2.68,1.77,1.71,1.73,1.52,1.52,1.68,1.54,1.97,2.53,3.21,3.33,2.02,2.01,1.76,0.83,1.76,2.87,1.02,1.98,3.89,2.92,1.42,4.05,4.87,5.96,6.47,5.14,3.05,1.98,1.59,0.38,-1.03,-2.30,-3.62,-5.67,-5.32,-4.30,-0.43,2.13,5.06,3.82,3.51,4.19,4.56,5.68,6.75,6.30,5.15,5.21,5.52,5.22,4.54,3.63,1.88,-0.23,-2.01,-3.58,-4.67,-4.61,-4.21,-3.67,-2.87,-2.33,-1.36,-0.89,-2.16,-2.71,-2.61,-2.23,-1.18,-0.59,0.07
3.03,4.74,4.63,4.35,3.21,2.36,1.40,0.68,0.67,1.56,1.87,1.72,1.74,1.93,2.09,1.57,1.31,1.48,1.78,2.12,0.72,0.37,1.41,2.52,2.06,1.73,2.51,3.76,2.98,0.36,1.42,4.37,5.70,6.15,5.07,3.97,3.45,2.35,0.93,-0.98,-3.95,-3.94,-7.35,-6.78,-4.46,0.28,2.98,4.75,4.30,4.09,4.15,4.24,5.27,6.47,6.38,6.31,6.42,6.07,5.70,5.08,4.01,2.26,0.16,-1.77,-3.42,-4.76,-4.82,-4.43,-3.42,-3.03,-2.04,-1.31,-0.75,-1.49,-2.68,-2.85,-2.95,-2.30,-1.17,-0.91
1.27,3.25,2.09,1.71,1.70,1.89,1.57,1.13,0.92,0.83,0.66,0.45,0.37,0.50,0.53,0.78,0.62,-0.21,2.12,1.52,0.31,1.64,1.93,1.17,0.91,2.03,2.30,2.29,2.17,1.09,1.12,4.44,5.88,5.97,5.65,5.57,4.78,3.40,1.66,-0.91,-3.62,-2.92,-5.06,-4.30,-4.12,-0.42,-0.02,1.74,4.10,4.76,4.85,5.13,3.80,2.96,4.67,6.21,7.11,6.44,5.98,4.94,3.57,2.24,0.55,-1.19,-2.80,-4.38,-4.78,-3.90,-3.04,-2.68,-2.45,-1.83,-1.66,-1.74,-2.09,-2.32,-1.85,-1.04,-0.63,-0.23
-2.44,0.72,0.43,0.58,1.08,1.73,1.96,1.55,0.73,0.32,0.05,-0.59,-0.87,-0.45,-0.78,-1.51,-1.13,0.85,1.70,0.67,1.25,2.65,2.05,1.48,2.26,3.23,3.10,2.55,2.73,1.91,3.07,4.40,5.89,6.36,6.75,6.64,5.67,4.31,2.24,-0.25,-1.92,-2.08,-6.23,-5.76,-4.13,-2.99,-2.05,-1.11,2.59,4.68,4.93,5.59,4.70,3.63,4.09,5.59,6.15,6.19,6.07,4.98,3.47,2.08,0.80,-0.64,-2.12,-3.47,-4.02,-2.95,-2.51,-2.81,-2.86,-2.24,-1.64,-1.85,-2.53,-2.95,-2.08,-0.68,-0.26,0.07
-4.18,-0.77,-0.19,0.64,1.23,1.52,1.69,1.12,0.28,-0.11,-0.69,-1.93,-2.75,-2.69,-2.74,-2.27,-1.37,0.32,1.00,0.26,1.37,1.35,0.50,0.54,2.04,4.23,4.01,3.27,1.82,2.99,5.05,4.55,5.48,6.15,6.55,6.40,6.07,4.70,2.31,-0.02,-1.37,-2.47,-5.19,-4.83,-2.61,-1.87,-1.23,-0.75,0.38,2.43,3.21,2.88,2.72,3.00,3.79,5.09,6.07,6.30,5.94,5.37,4.26,2.79,1.58,0.34,-1.12,-2.28,-2.57,-1.72,-1.91,-2.45,-2.86,-2.79,-2.94,-3.06,-3.05,-2.88,-2.41,-1.47,-0.99,-0.61
-4.45,-2.72,-2.97,-0.31,2.49,2.59,1.89,0.86,0.13,-0.26,-1.32,-3.30,-4.50,-4.15,-3.21,-2.19,-1.63,-0.55,-0.42,-0.14,1.41,-0.01,-0.44,-0.55,1.22,3.43,3.17,2.79,1.48,4.10,6.43,6.22,6.15,6.40,6.74,6.98,6.52,4.65,1.84,-1.29,-2.86,-1.42,-2.04,-3.57,-1.84,-1.12,-0.26,0.34,1.18,1.94,2.25,2.15,2.12,2.42,3.21,4.19,5.08,6.00,6.27,5.75,4.89,4.01,2.80,1.19,-0.37,-1.21,-1.09,-0.74,-1.11,-1.58,-2.10,-2.39,-2.64,-2.64,-2.31,-1.89,-1.93,-1.71,-1.23,-0.71
-3.61,-3.58,-4.54,-4.52,-1.02,2.39,2.09,0.65,-0.58,-0.80,-1.62,-3.15,-3.61,-3.05,-2.69,-2.19,-0.94,-0.30,-0.55,-0.61,0.17,0.01,-1.41,-1.84,0.03,1.96,2.47,-0.11,1.03,4.83,7.67,8.65,7.90,7.53,7.68,7.85,6.83,4.47,1.47,-2.49,-3.17,-0.36,-1.13,-1.83,-1.45,-1.33,-0.48,0.62,2.21,2.49,2.41,2.39,2.46,3.14,3.79,3.88,4.37,5.51,6.11,5.85,5.52,4.96,3.54,1.74,0.57,-0.16,-0.36,-0.35,-0.67,-1.11,-1.40,-1.32,-1.30,-1.65,-1.59,-0.75,-0.37,-0.75,-1.02,-0.75
-2.00,-3.56,-3.58,-4.23,-4.31,-1.42,1.80,1.16,-0.48,-1.07,-1.61,-2.53,-3.09,-3.36,-3.00,-1.72,0.00,0.13,-0.26,-0.87,-0.20,-0.84,-2.07,-1.95,-0.77,1.21,-1.20,-5.44,-0.40,6.31,7.44,11.23,9.86,8.82,8.37,7.81,6.66,4.59,1.32,-2.44,-1.92,-0.08,-1.59,-1.96,-2.02,-2.29,-2.08,-1.25,0.46,2.02,1.81,2.09,2.57,2.65,3.01,2.93,3.24,4.42,5.39,5.76,5.77,5.16,3.97,2.88,1.97,0.81,-0.13,-0.48,-0.74,-0.86,-1.19,-1.84,-2.34,-2.34,-2.53,-2.33,-0.71,0.16,-0.35,-0.84
-2.62,-2.50,-2.55,-2.51,-4.04,-3.90,-0.54,1.12,0.07,-1.39,-2.03,-2.52,-3.00,-3.26,-2.22,-0.12,0.50,-1.09,-0.61,-0.86,-0.30,0.04,-0.05,-0.13,-0.96,-2.66,-5.98,-8.15,0.76,8.70,9.88,12.26,11.11,9.28,8.17,7.28,6.11,4.44,1.23,-0.51,0.67,0.01,-2.03,-2.02,-1.99,-2.66,-2.55,-1.73,-0.83,0.89,1.21,0.98,1.97,3.22,3.55,3.37,3.19,3.74,4.80,5.61,5.85,5.63,4.95,3.84,2.82,1.98,1.10,0.36,-0.28,-0.58,-1.38,-2.56,-3.47,-3.85,-3.91,-3.91,-3.76,-2.49,-0.95,-0.58
-4.04,-2.71,-1.96,-2.29,-2.61,-4.09,-2.60,0.09,0.54,-0.71,-2.15,-3.17,-3.02,-3.03,-2.36,1.57,2.23,-0.65,-1.27,-1.76,-1.46,-0.06,-0.23,-0.00,-1.66,-4.21,-5.64,-7.81,-2.83,5.92,8.20,12.33,10.20,8.35,7.00,6.41,5.41,3.91,1.85,1.67,1.76,0.58,-0.64,-1.55,-1.75,-2.02,-1.97,-1.52,-0.93,-0.30,0.45,0.53,0.84,2.22,3.72,4.34,4.38,4.48,4.91,5.45,5.77,5.56,5.01,4.27,3.33,2.86,2.63,2.00,0.79,-0.31,-0.93,-1.70,-2.46,-2.96,-3.15,-3.23,-3.37,-3.05,-1.83,-1.22
-4.68,-4.37,-3.31,-3.26,-3.40,-3.15,-1.75,-0.13,1.03,0.20,-1.45,-3.53,-2.03,-1.32,-0.51,1.39,2.95,0.61,-0.82,-1.17,-1.34,-0.74,0.34,-0.76,-2.07,-3.23,-4.33,-5.24,-3.90,-0.48,2.99,4.64,5.23,5.86,5.89,5.30,4.74,3.61,2.75,3.05,2.30,0.45,0.57,0.13,-0.62,-1.44,-1.95,-1.53,-0.80,-0.17,0.21,0.36,0.19,0.38,1.22,2.38,3.15,3.76,4.24,4.75,5.22,5.30,5.14,4.63,4.03,3.59,3.46,3.21,2.45,1.39,0.57,-0.24,-1.08,-1.69,-1.99,-2.05,-2.18,-2.56,-1.93,-0.75
-2.53,-2.29,-2.73,-3.01,-3.47,-2.28,-0.37,0.79,1.49,1.70,0.09,-2.38,-0.78,0.83,-0.25,0.99,2.90,1.59,0.13,-0.53,-0.73,-0.38,1.50,0.11,-1.00,-1.53,-1.30,-2.11,-2.29,-0.99,0.37,2.28,3.05,2.95,1.54,1.61,2.03,2.31,2.72,3.35,2.05,-0.44,2.13,1.54,0.91,0.18,-0.82,-1.43,-1.28,-0.72,-0.15,0.19,0.37,0.17,-0.24,-0.01,0.81,1.63,2.19,2.85,3.60,4.35,4.78,4.78,4.55,4.23,3.98,3.86,3.58,2.95,2.15,1.16,0.07,-0.72,-1.08,-1.24,-1.33,-1.51,-1.24,-0.03
-1.17,-0.38,-0.00,0.72,1.79,1.55,0.86,0.95,1.19,0.96,0.53,-0.95,0.28,1.27,-0.39,0.77,2.03,2.30,-0.11,-0.39,0.04,0.64,1.98,1.90,1.34,1.26,1.39,1.35,0.31,-0.19,0.56,1.75,2.66,2.99,2.70,2.52,2.35,1.44,1.63,1.86,-0.62,-1.59,3.28,3.55,2.10,1.73,1.24,0.66,0.00,-0.55,-0.66,-0.38,0.01,0.39,0.41,0.10,0.11,0.50,1.04,1.73,2.33,3.05,3.78,4.14,4.33,4.43,4.36,4.13,3.76,3.33,2.95,2.39,1.42,0.53,0.18,-0.03,-0.39,-0.63,-0.28,0.56
-1.41,-0.89,0.03,0.78,1.95,3.04,2.39,1.80,1.88,0.85,-0.26,-1.50,-0.32,1.45,0.93,-0.19,0.36,1.53,-1.29,-1.02,0.86,1.03,1.82,2.42,2.14,2.67,2.82,3.06,2.86,1.70,0.93,2.85,4.76,4.58,4.04,4.05,3.45,2.42,1.46,1.25,0.68,-0.35,-0.66,5.27,4.05,3.32,2.67,1.97,1.50,1.13,0.75,0.41,0.26,0.33,0.58,0.93,1.21,1.66,2.04,2.21,2.60,3.17,3.76,4.19,4.22,4.25,4.24,3.98,3.52,3.01,2.72,2.68,2.37,1.82,1.66,1.75,1.17,0.28,0.14,1.11
-2.98,-2.05,-1.33,-0.49,0.65,1.03,0.87,0.95,1.38,0.65,-0.38,0.29,1.37,1.23,2.52,1.10,-0.89,0.49,-1.47,-4.14,-2.25,2.24,3.01,2.78,3.48,3.61,4.25,4.01,3.56,4.01,3.92,4.73,5.23,5.44,5.67,5.34,4.50,3.43,2.42,1.22,2.65,2.39,0.50,5.13,6.29,5.31,4.13,2.45,1.20,0.91,1.12,1.33,1.38,1.16,0.85,0.82,1.09,1.71,3.14,4.11,4.00,3.98,4.42,4.87,4.88,4.52,4.10,3.61,3.08,2.56,2.38,2.38,2.16,1.93,2.09,2.89,3.23,2.51,1.75,1.72
-2.89,-2.36,-2.70,-1.31,-0.28,-0.66,0.67,2.24,3.60,2.64,-0.22,-1.67,-2.04,-3.16,-2.89,0.51,0.97,-0.77,-1.26,-2.97,-4.30,-1.94,2.37,3.28,4.39,5.53,6.96,6.35,4.72,4.21,4.02,4.41,5.20,5.82,5.42,6.06,5.76,4.25,3.17,1.02,1.21,3.54,2.24,4.14,6.64,6.40,5.58,3.37,1.38,-0.42,-0.79,-0.08,1.03,1.36,1.15,0.86,0.95,1.24,1.62,3.69,5.74,5.77,5.20,5.19,5.33,5.03,4.32,3.47,2.47,1.52,1.20,1.78,2.11,1.85,1.62,2.27,3.88,4.46,3.85,3.29
-1.94,-2.22,-2.00,0.34,-0.02,-1.27,-1.98,0.28,2.96,3.86,3.10,0.14,-0.76,-1.10,-2.72,-1.41,1.09,-1.95,-3.22,-1.86,-2.79,-1.43,2.37,2.62,0.54,-0.05,1.64,3.93,5.63,4.43,4.02,5.16,6.53,6.46,4.66,5.17,5.57,4.67,3.43,2.89,0.77,1.51,2.17,2.53,5.55,6.52,5.52,2.76,0.29,-1.01,-2.04,-3.25,-3.07,-2.50,-2.48,-2.25,-1.30,0.08,1.55,2.41,4.11,5.79,6.26,5.21,5.35,5.45,4.60,3.19,1.66,0.56,-0.35,-0.21,0.42,1.57,2.21,2.28,3.02,4.85,5.13,4.39
-1.70,-0.81,0.37,0.31,1.47,1.70,0.61,-1.59,-1.49,1.72,7.00,5.75,4.43,3.10,0.90,-0.22,-0.56,-1.34,0.68,0.98,1.05,-0.01,2.10,1.28,-0.64,-1.60,-1.24,1.49,3.58,3.44,2.51,2.28,3.86,6.32,5.02,4.45,4.94,4.25,3.20,2.82,1.93,1.20,1.91,2.26,3.96,5.25,5.15,3.24,-0.16,-1.64,-2.14,-3.10,-3.75,-4.78,-5.51,-5.53,-4.34,-3.11,-1.79,-0.05,1.70,2.41,3.28,2.88,4.05,5.16,4.12,2.17,0.04,-1.08,-1.82,-1.91,-1.57,-0.88,0.40,2.04,2.81,3.89,5.07,5.25
0.68,1.56,3.06,3.85,2.41,1.42,-0.19,-1.05,-2.67,-3.17,2.69,4.76,4.76,4.67,4.43,1.06,-1.42,-1.55,0.94,4.49,3.42,-0.53,2.42,0.97,0.02,-1.41,-2.06,1.49,4.72,4.01,3.62,2.12,0.98,3.44,3.65,2.87,3.43,5.02,4.47,3.35,3.31,2.96,2.24,3.69,2.26,3.26,4.05,1.55,-0.27,-0.70,-1.00,-2.46,-3.83,-5.27,-6.22,-6.51,-5.67,-4.69,-3.83,-3.62,-3.90,-3.37,0.05,1.98,3.89,4.34,2.27,-0.26,-1.73,-2.69,-3.33,-3.46,-3.31,-2.83,-1.74,0.11,1.64,3.70,4.67,4.58
5.77,6.07,5.52,4.80,4.02,2.46,0.31,0.64,0.57,0.30,1.49,4.81,6.17,6.33,6.50,5.67,3.36,-1.71,-1.59,4.93,4.32,0.66,5.13,2.97,0.44,-0.90,-1.78,-1.49,1.56,2.76,2.49,1.10,-1.64,-1.40,-0.03,1.19,2.48,3.99,3.67,2.59,1.85,1.55,0.57,0.75,1.20,2.90,2.65,1.32,0.78,-0.02,-0.50,-2.36,-4.67,-5.49,-5.77,-5.63,-5.23,-4.54,-3.59,-3.16,-4.39,-6.58,-7.58,-5.37,-2.62,-1.70,-1.72,-2.10,-2.31,-2.93,-3.83,-4.50,-4.78,-4.83,-4.20,-2.59,-0.65,2.20,4.80,5.96
5.80,5.39,4.11,3.09,1.32,0.71,0.18,-0.14,-1.24,-1.66,-0.15,1.71,3.35,5.12,5.26,5.64,4.19,0.53,-1.76,0.30,3.58,0.92,3.57,4.21,0.29,-1.96,-1.57,-1.66,-0.56,1.02,0.87,0.41,-2.91,-3.11,-2.58,-1.71,-1.40,-0.06,1.35,1.49,1.58,1.86,3.76,4.68,4.09,3.46,3.22,2.57,1.33,0.62,0.87,-0.46,-4.15,-4.24,-4.13,-4.19,-4.62,-4.44,-3.30,-2.22,-1.34,-1.21,-2.82,-4.66,-5.14,-4.15,-2.32,-1.80,-2.04,-2.98,-4.54,-5.81,-6.36,-6.65,-6.20,-4.48,-2.27,0.55,3.28,5.86
2.55,2.11,1.74,1.63,0.57,0.28,0.32,0.52,-0.20,-1.05,-0.62,1.07,2.80,5.98,5.87,5.22,5.97,4.62,1.87,1.10,2.45,0.03,1.65,3.46,0.66,-1.94,-1.88,-1.30,-1.26,-1.53,-0.03,-1.37,-3.52,-3.86,-3.58,-2.95,-1.66,-0.33,0.50,1.23,2.28,6.10,6.70,5.54,4.37,2.83,2.03,0.67,-0.27,-0.78,-0.29,0.24,-1.75,-1.28,-2.13,-2.82,-3.69,-4.11,-3.16,-1.68,-0.99,-0.75,-0.48,-0.74,-1.95,-2.97,-4.04,-2.57,-2.50,-4.00,-6.00,-7.13,-7.48,-7.89,-8.14,-7.02,-4.67,-0.96,2.49,4.91
2.63,3.12,2.95,3.11,2.24,2.59,2.51,2.80,3.04,2.86,1.98,1.87,1.98,5.86,8.92,8.01,7.21,6.74,2.22,0.97,-2.13,-1.77,-1.22,-1.41,-0.94,-0.86,-1.52,-1.46,-1.50,0.17,1.28,0.59,-1.28,-2.93,-3.27,-2.68,-1.09,-1.03,-1.31,-0.49,2.72,6.22,5.48,4.21,2.77,0.67,-0.37,-1.27,-2.35,-2.56,-1.68,-0.17,-0.32,-0.13,-0.49,-1.33,-1.40,-2.70,-2.22,-2.01,-0.94,-0.36,-0.03,-0.02,-0.46,-0.93,-1.55,-2.62,-4.37,-6.03,-7.45,-7.99,-8.24,-9.33,-10.63,-10.15,-8.04,-3.70,0.69,4.05
3.77,3.13,2.31,1.85,1.91,1.84,1.67,1.74,1.50,1.24,1.22,1.11,2.17,3.69,3.17,5.65,8.05,8.36,7.01,5.04,2.84,1.62,0.57,-1.70,-0.66,1.25,0.22,-0.18,-0.08,-0.54,0.38,1.30,0.02,-1.71,-2.24,-1.57,-0.34,-0.32,-0.81,0.23,3.30,4.49,4.29,3.31,1.75,-0.54,-1.94,-1.85,-2.64,-3.26,-2.47,-0.54,-0.81,-0.44,0.08,0.59,0.15,-0.34,0.52,-1.08,-1.75,-1.34,-0.89,-1.35,-2.39,-2.85,-3.11,-3.55,-4.73,-6.29,-7.90,-8.26,-8.68,-10.39,-11.96,-12.04,-10.66,-7.32,-2.24,2.21
