data/2017092418_UV_SFC.json
{"header": { "refTime": "2017-09-24T18:00:00.000Z", "parameterCategory":  2, "parameterNumber":   3, "surfacelType": 104, "surfacelValue":        0.0, "forecastTime":    0, "scanMode": 0, "nx": 101, "ny": 61, "lo1": 80, "la1": 60, "lo2": 180, "la2": 0, "dx": 1, "dy": 1 }, "data":
[rows 0 to 34 of 61, columns 0 to 79 of 101]
6.41,6.29,6.26,6.73,6.64,5.75,5.82,6.28,5.84,5.58,5.14,5.04,4.96,4.72,4.21,3.55,2.94,2.44,1.94,1.27,1.67,1.92,1.87,2.74,3.52,2.99,3.50,4.29,4.30,3.66,2.04,2.15,-0.17,-2.11,-2.34,-2.50,-1.41,-0.48,0.88,0.98,0.34,0.59,2.16,2.27,0.74,0.09,-0.28,-0.08,0.05,-0.33,0.66,2.58,5.35,1.80,-1.51,-1.75,0.05,0.87,0.36,-1.18,-2.29,-2.47,-2.47,-2.57,-2.75,-2.60,-1.98,-1.48,-1.20,-0.62,-0.32,0.08,0.67,1.28,2.07,2.86,3.35,3.28,3.19,3.23
6.52,6.34,6.31,6.34,5.99,5.19,5.12,5.73,5.86,5.69,5.58,5.49,5.28,5.45,4.92,4.09,3.42,2.99,2.52,1.99,2.32,2.55,3.06,3.27,3.12,3.49,3.85,3.85,4.38,3.11,0.80,-1.02,-2.17,-2.17,-2.63,-2.34,-2.98,-1.86,-0.65,0.37,0.40,0.81,2.65,4.06,3.60,2.26,1.74,1.43,1.28,0.45,-0.83,-1.58,-1.14,-0.81,-1.09,-1.28,-1.17,-0.35,-0.11,-0.81,-1.42,-1.59,-1.40,-1.40,-1.79,-2.19,-3.05,-3.34,-2.95,-2.46,-1.54,-0.54,0.50,1.35,1.98,2.55,3.12,3.31,3.25,3.19
6.44,7.13,7.11,6.91,6.14,5.05,5.20,5.45,5.95,6.19,6.15,6.16,6.28,6.12,5.15,4.11,3.33,2.48,1.06,0.98,1.94,3.64,4.17,2.99,3.25,4.54,4.70,4.51,4.13,2.39,-1.48,-2.53,-1.87,-1.79,-2.02,-2.09,-1.07,-1.25,0.14,0.09,0.06,0.52,1.56,3.39,4.52,4.33,3.95,3.96,3.74,2.57,0.99,-0.22,-0.09,-0.52,-0.91,-1.33,-0.47,1.34,1.29,-0.29,-0.73,-0.80,-0.63,-0.70,-1.90,-3.06,-3.98,-4.43,-4.22,-3.05,-2.42,-1.51,-0.60,-0.04,0.57,1.02,1.70,2.46,2.45,2.07
6.21,6.98,7.49,7.20,5.94,4.89,4.45,5.17,5.58,6.04,6.37,6.70,6.91,6.27,4.96,3.58,2.24,1.41,1.52,2.05,2.10,3.09,2.96,3.00,4.92,5.12,5.08,4.77,3.67,1.05,-1.92,-2.20,-1.37,-1.48,-1.60,-1.30,-0.79,1.06,1.11,0.06,-0.22,0.34,1.30,2.51,4.58,5.43,5.13,5.79,6.13,5.73,4.05,1.67,0.72,0.34,-0.47,-0.10,1.52,3.13,2.23,0.35,-0.15,-0.56,-0.89,-1.90,-2.80,-3.95,-4.22,-3.87,-3.80,-3.80,-3.61,-3.17,-2.86,-2.31,-1.13,-0.26,0.60,0.98,0.64,0.92
5.15,5.59,6.03,6.02,6.10,5.97,5.44,4.84,4.91,5.31,5.52,5.82,6.01,5.82,4.69,3.45,1.30,1.09,2.05,1.20,0.32,1.09,2.54,2.77,4.56,5.14,5.27,4.90,3.50,1.18,-1.05,-2.30,-2.16,-1.34,-0.41,-0.46,-1.23,0.36,0.61,-0.56,-1.80,-1.52,-0.34,0.37,1.57,3.48,4.52,5.24,6.20,6.39,5.35,3.50,2.03,1.21,1.05,1.47,2.05,2.98,2.62,1.46,0.38,-0.27,-0.88,-2.13,-3.28,-4.04,-3.53,-3.40,-3.88,-4.12,-3.83,-3.97,-3.77,-3.27,-2.00,-0.54,-0.24,-0.34,0.01,0.27
4.90,5.22,5.69,6.26,6.69,6.71,6.43,5.97,5.77,6.04,6.18,5.99,5.29,4.63,4.36,4.55,3.35,3.12,0.75,0.24,-0.36,0.38,1.98,2.66,4.21,5.33,5.43,4.96,3.56,1.53,-0.15,-1.41,-2.11,-1.47,-0.65,-0.22,-1.54,-2.17,-2.50,-2.71,-3.19,-2.93,-2.30,-1.03,-0.33,1.66,3.34,4.04,4.21,4.38,4.67,4.23,2.92,2.03,2.18,2.75,3.43,3.63,3.11,2.10,1.03,0.27,-0.28,-1.73,-3.39,-3.47,-3.49,-3.61,-3.61,-3.63,-3.25,-2.97,-2.85,-2.65,-2.13,-1.18,-1.05,-0.64,-0.04,0.02
3.83,3.48,5.70,6.65,7.06,7.09,6.93,6.76,6.41,6.26,6.49,6.22,5.64,4.70,4.60,4.81,3.65,1.22,-0.53,0.02,0.39,1.71,2.31,2.84,4.25,4.99,4.35,3.22,2.34,1.29,0.42,-0.08,-0.63,-1.05,-0.96,-1.09,-1.27,-1.34,-2.36,-3.58,-3.82,-3.56,-2.88,-1.07,0.17,1.00,2.45,3.82,6.30,6.45,5.46,4.64,3.51,3.12,3.82,4.88,5.21,4.71,3.97,2.94,1.75,0.43,-0.55,-1.84,-2.76,-3.66,-4.15,-3.95,-3.63,-3.35,-3.17,-2.63,-2.13,-1.97,-2.07,-1.60,-0.98,-0.67,-0.37,-0.31
4.44,2.85,4.47,7.20,7.92,7.62,7.31,7.16,7.04,6.86,6.53,6.03,5.52,5.16,4.74,4.21,2.94,1.19,-0.05,-0.11,1.17,2.65,2.68,3.63,3.69,2.91,1.79,0.83,0.34,0.40,0.49,0.85,1.01,0.53,-0.03,-0.36,-0.45,-1.21,-2.77,-3.51,-3.57,-3.23,-2.58,-2.03,0.01,0.52,-0.06,0.71,6.40,6.50,5.41,4.95,4.86,5.31,6.06,6.33,6.00,5.73,5.05,3.87,2.36,0.81,-0.59,-1.60,-2.67,-3.52,-4.38,-4.64,-4.22,-3.75,-3.08,-2.46,-1.78,-1.40,-1.61,-1.97,-1.03,-0.17,-0.09,-0.35
7.00,3.28,3.58,5.69,7.47,8.05,7.25,6.60,6.52,6.21,5.97,5.64,5.01,4.99,4.89,4.21,3.22,1.90,0.47,-0.30,0.90,2.09,2.64,2.61,2.46,2.06,1.20,0.58,0.63,1.08,1.39,1.91,2.48,2.14,1.20,0.59,0.13,-0.66,-1.45,-2.28,-2.71,-2.76,-2.67,-1.91,-0.92,-0.36,0.25,-2.52,3.37,5.37,5.40,5.21,5.50,6.34,7.23,6.93,6.45,6.34,5.90,4.44,2.57,1.00,-0.07,-0.97,-2.17,-3.55,-4.36,-4.86,-5.06,-4.52,-3.11,-1.78,-0.88,-0.94,-1.44,-1.58,-0.86,-0.36,-0.17,-0.30
9.51,6.80,4.87,4.71,6.03,6.76,6.44,5.80,5.51,5.30,4.96,4.58,4.33,4.14,4.40,4.70,3.98,2.69,1.92,1.67,1.82,0.97,1.65,3.35,3.88,2.82,2.59,2.33,2.47,3.00,3.33,3.75,4.21,3.69,2.51,1.75,1.42,0.89,0.14,-0.41,-1.48,-1.89,-1.80,-1.18,-0.75,-0.16,0.67,-0.38,0.70,3.77,5.26,5.32,5.76,7.28,7.75,6.92,6.37,6.52,6.00,4.72,3.13,1.60,0.00,-1.58,-2.89,-3.77,-4.40,-4.76,-4.83,-4.57,-3.59,-2.27,-1.34,-1.19,-1.33,-1.13,-0.46,-0.39,-0.11,0.20
8.85,8.43,6.39,5.08,4.89,4.60,4.20,4.26,4.19,4.38,3.88,3.05,2.69,2.89,3.72,4.43,4.57,3.93,3.29,1.31,2.19,1.65,0.96,2.04,2.86,4.51,5.95,5.25,4.58,4.69,5.41,5.91,5.92,5.11,3.89,3.12,2.85,2.26,0.98,0.46,-0.70,-1.90,-2.04,-2.00,-1.62,-1.03,-1.07,-0.28,-0.21,1.75,4.10,5.05,5.82,6.76,6.69,6.22,6.22,6.30,5.99,4.98,3.74,2.08,-0.06,-2.08,-3.24,-3.69,-3.90,-4.23,-4.38,-4.26,-3.69,-2.79,-1.93,-1.28,-1.00,-1.13,-1.55,-1.71,-1.36,-0.46
7.14,7.51,5.11,3.37,2.97,2.79,2.51,1.93,1.52,1.09,1.70,2.10,2.28,3.02,4.04,4.42,4.55,4.60,3.91,1.69,3.02,2.90,1.84,0.82,0.41,2.52,4.67,3.62,2.07,4.77,6.97,7.65,7.39,6.56,5.46,4.77,4.28,3.48,1.96,0.89,-0.41,-2.02,-3.02,-3.00,-3.55,-2.28,-2.37,1.56,1.77,1.92,3.24,3.82,3.72,4.57,5.40,6.28,6.94,6.97,6.34,5.53,4.26,2.52,0.35,-1.35,-2.48,-3.14,-3.10,-3.17,-3.34,-3.24,-2.94,-2.33,-1.94,-1.81,-1.25,-1.32,-1.72,-1.68,-0.98,-0.31
5.93,6.53,3.97,2.59,2.89,2.94,1.81,0.92,0.45,-0.21,-0.18,0.74,1.99,2.56,3.09,3.46,3.89,4.29,4.61,2.51,3.14,3.10,1.94,1.19,1.64,1.34,3.50,4.95,3.90,2.79,7.20,9.64,9.15,7.85,6.94,6.18,5.30,4.48,2.84,1.27,-0.37,-2.27,-3.83,-5.29,-5.96,-3.14,-2.30,2.51,2.92,1.89,2.07,2.63,2.71,2.65,3.09,5.11,6.55,6.62,6.72,6.14,4.99,3.21,1.34,-0.45,-1.92,-2.59,-2.56,-2.32,-2.21,-2.05,-1.96,-1.43,-1.11,-1.29,-1.36,-1.27,-1.80,-1.91,-1.40,-0.63
3.70,6.09,5.58,4.86,4.44,3.77,2.24,0.44,-0.30,-0.14,-0.09,0.35,1.38,1.73,2.35,3.03,2.63,3.45,5.19,2.94,2.31,2.81,2.57,2.57,2.75,2.77,3.89,4.78,3.81,1.31,4.37,9.58,10.17,8.79,8.00,7.18,6.38,5.16,3.33,1.44,-0.86,-3.14,-6.34,-7.12,-5.86,-5.09,0.22,2.25,2.57,1.78,0.44,1.49,2.62,2.44,1.56,0.96,3.58,6.70,7.06,6.53,5.53,3.85,2.11,0.14,-1.63,-2.42,-2.55,-2.47,-1.59,-0.90,-0.45,-0.71,-0.79,-0.49,-0.96,-1.99,-2.59,-2.38,-1.82,-1.14
3.24,4.71,4.78,4.20,3.79,3.02,2.01,0.60,0.19,0.60,0.40,0.48,0.99,1.42,1.24,0.79,0.20,1.88,3.92,1.85,1.83,2.90,1.67,2.19,2.78,3.05,3.37,2.49,1.66,1.89,4.54,7.20,8.83,9.09,8.69,7.93,7.04,5.60,3.75,1.76,-1.25,-2.90,-4.23,-4.65,-6.78,-6.40,-0.91,1.27,1.82,1.94,1.48,1.22,2.05,3.10,3.27,3.49,4.72,6.35,6.84,6.74,6.25,4.86,3.06,0.62,-1.14,-2.08,-2.32,-1.97,-1.16,-0.11,-0.21,-0.91,-1.56,-1.73,-2.30,-3.14,-3.38,-3.14,-2.76,-2.03
4.07,5.40,4.33,3.80,3.03,2.88,2.08,0.56,0.44,0.59,-0.17,-1.13,-1.27,-0.96,-1.38,-0.86,1.09,3.00,2.84,1.17,2.76,2.84,1.65,2.20,3.46,3.70,3.43,2.46,2.99,4.28,6.86,6.94,7.93,8.81,8.91,8.26,7.34,5.96,4.37,2.30,-0.68,-2.56,-4.56,-6.25,-6.50,-4.60,-1.92,0.29,1.37,1.59,1.78,1.65,2.02,3.50,4.83,5.89,5.95,5.39,6.17,6.75,6.93,6.30,3.66,1.56,0.02,-1.35,-2.01,-1.79,-2.07,-1.82,-0.38,-1.00,-1.84,-2.40,-2.95,-3.53,-4.08,-4.39,-4.24,-3.13
1.82,4.60,4.23,3.57,3.34,3.20,2.19,0.25,-0.25,-0.07,-0.90,-1.96,-1.04,0.02,0.11,1.27,2.41,3.18,2.49,1.96,2.72,1.56,0.99,1.64,2.81,3.53,3.62,2.96,2.72,6.48,8.31,8.33,8.45,8.89,8.81,8.31,7.60,6.40,4.75,2.25,-0.01,-3.13,-4.57,-5.25,-4.49,-2.74,-1.34,-0.46,0.40,1.35,1.93,2.04,1.83,1.40,1.51,1.64,1.90,3.42,5.40,5.46,4.72,4.05,3.74,2.75,1.15,-0.52,-1.70,-2.27,-3.23,-3.46,-2.60,-1.73,-2.06,-2.82,-3.41,-3.78,-4.09,-4.35,-4.71,-4.58
-3.01,3.11,3.16,4.35,4.09,3.66,2.64,0.80,-0.63,-1.15,-1.66,-1.98,0.08,1.11,1.40,2.27,2.33,2.72,2.38,2.97,3.43,1.61,1.53,1.75,1.91,0.93,1.45,0.97,0.49,3.77,6.71,9.23,9.51,9.21,8.87,8.35,7.82,6.68,4.54,0.96,-2.67,-0.67,-2.27,-4.32,-3.27,-2.07,-0.96,-0.40,0.07,0.74,1.53,1.21,0.48,0.57,0.51,0.31,-0.30,0.71,3.35,4.25,3.55,3.64,3.59,2.40,0.83,-0.60,-1.57,-2.89,-3.35,-2.49,-1.72,-1.40,-1.87,-2.49,-2.96,-3.54,-3.91,-3.96,-4.05,-4.03
-4.55,-1.89,1.72,2.48,4.03,4.30,3.40,1.97,0.45,-0.74,-1.35,-1.63,0.18,0.49,0.38,1.68,2.23,2.16,2.87,3.44,3.12,2.98,1.57,-0.43,-0.48,0.05,0.91,0.59,0.94,2.95,7.70,10.98,10.86,9.76,9.16,8.94,8.56,7.09,4.18,-0.07,-3.07,1.47,-0.14,-3.42,-2.89,-1.87,-0.82,0.11,0.20,0.17,0.75,0.76,0.77,0.83,0.63,0.34,0.11,0.28,1.89,3.35,3.92,4.10,3.50,2.16,0.86,0.02,-1.50,-3.23,-2.80,-1.64,-1.60,-1.68,-1.71,-1.75,-2.29,-3.02,-3.56,-3.56,-3.38,-3.12
-3.12,-4.49,-3.71,-0.04,1.68,3.96,4.25,2.99,1.63,0.05,-0.60,-0.49,0.16,-0.14,-0.90,1.01,2.51,2.48,2.96,2.65,3.06,2.97,1.64,0.81,0.36,1.09,0.66,-0.77,-4.07,0.74,3.91,12.31,11.63,10.26,9.58,9.35,8.76,7.05,3.99,-0.34,-1.46,2.66,0.83,-2.43,-2.51,-1.50,-0.97,0.00,0.73,0.48,0.44,0.65,0.69,0.90,1.08,0.99,0.60,0.54,1.68,3.14,3.89,3.84,3.13,2.19,1.53,0.58,-1.11,-2.09,-2.06,-1.80,-1.81,-1.78,-1.82,-1.61,-1.87,-2.49,-2.94,-2.94,-2.62,-2.50
-0.44,-2.37,-3.26,-3.29,-1.40,2.07,3.89,3.71,2.40,1.15,0.31,0.80,0.97,-0.19,-0.96,0.95,2.56,1.87,2.32,1.91,2.18,2.84,2.99,3.33,2.05,0.92,-0.02,-3.90,-5.13,-0.37,4.78,10.71,11.74,10.71,9.51,9.18,8.31,6.51,3.80,0.91,1.53,2.81,1.00,-1.36,-2.41,-2.04,-1.06,-0.35,0.32,0.78,1.19,1.04,0.38,0.19,0.46,0.85,0.90,0.86,1.37,2.69,3.45,3.67,3.22,2.26,1.13,0.31,0.04,-0.40,-0.90,-1.04,-1.20,-1.50,-2.02,-2.56,-2.98,-3.32,-3.50,-3.42,-2.96,-2.21
-2.35,-0.21,0.19,-1.51,-2.33,0.58,2.63,3.60,2.80,1.74,0.58,0.48,0.80,0.09,-0.16,1.93,2.87,2.03,2.05,0.87,0.11,1.93,3.18,3.18,2.65,1.99,1.51,-2.73,-3.46,-1.17,3.72,9.86,10.53,9.84,9.04,8.64,7.75,6.02,3.85,2.79,2.90,2.29,1.35,-0.17,-1.39,-1.60,-1.44,-0.82,0.17,0.62,1.20,1.95,1.64,0.87,0.57,0.79,1.03,1.18,1.20,1.60,2.34,2.53,2.07,1.21,0.30,-0.34,-0.04,0.51,0.30,-0.33,-0.78,-1.31,-2.06,-2.73,-3.08,-3.13,-3.21,-3.42,-3.20,-2.06
-4.41,-4.10,-1.63,-1.34,-2.19,-1.29,1.84,2.58,3.19,2.53,0.81,-0.32,0.08,0.63,1.80,3.10,2.24,1.31,1.42,1.36,0.45,1.86,3.02,2.52,2.50,0.29,-0.26,-0.51,-0.18,-0.77,0.26,3.33,5.22,7.31,8.56,8.44,7.46,5.60,4.42,4.42,3.59,1.11,1.16,0.58,-0.53,-0.89,-1.25,-1.22,-0.54,0.11,0.84,1.93,2.94,3.00,2.47,2.12,1.95,1.76,1.61,1.60,1.73,1.85,1.72,1.22,0.55,0.04,-0.52,-0.47,0.72,0.82,-0.00,-0.48,-1.16,-1.74,-2.04,-2.07,-1.94,-1.99,-2.50,-1.94
-2.80,-3.26,-3.69,-3.78,-3.80,-2.83,-0.04,3.15,4.30,3.75,1.40,-1.25,-2.50,-1.76,1.45,3.70,2.85,0.75,-0.08,0.21,0.14,1.50,3.04,2.45,0.88,0.34,1.34,0.98,1.02,1.01,0.75,1.70,2.61,3.65,3.69,4.73,4.13,4.50,4.79,5.15,3.70,1.02,2.64,2.23,1.10,0.40,-0.24,-0.96,-0.94,-0.42,-0.05,0.53,1.83,3.18,3.85,3.97,3.77,3.32,2.90,2.65,2.51,2.39,2.09,1.54,1.11,0.98,0.76,0.49,1.00,1.67,1.35,0.46,-0.43,-0.98,-1.31,-1.47,-1.31,-0.95,-1.27,-1.28
-1.27,-0.81,-0.71,-1.07,-0.78,-1.12,-2.83,-0.60,3.10,3.19,1.90,-0.10,-1.29,-0.22,0.66,3.71,3.12,0.93,-1.78,-0.89,0.30,1.61,2.58,3.62,3.99,3.90,3.19,2.35,2.62,2.59,2.32,2.58,2.62,2.32,2.74,3.30,3.84,3.02,3.98,4.15,1.42,0.73,5.89,5.69,3.88,2.61,1.53,0.54,-0.03,0.03,0.42,0.65,1.03,1.99,3.16,3.93,4.26,4.32,4.16,3.97,3.76,3.59,3.25,2.55,1.60,1.08,1.16,1.35,1.39,1.48,1.30,1.03,0.44,-0.18,-0.40,-0.58,-0.74,-0.29,-0.05,0.18
-2.18,-1.63,-0.23,0.10,-0.23,1.18,0.24,-1.19,1.05,2.31,1.52,-0.58,-1.94,-0.34,0.09,2.96,3.28,1.77,-1.80,-1.28,0.56,1.61,2.29,2.46,3.14,4.26,4.83,3.88,3.20,3.62,3.12,4.27,5.26,4.72,3.99,4.49,4.28,3.96,3.37,2.97,2.48,0.01,5.07,8.16,6.04,4.61,3.09,1.74,1.05,1.18,1.53,1.60,1.60,1.87,2.54,3.49,4.28,4.63,4.76,4.76,4.73,4.67,4.39,3.78,2.69,1.49,0.93,1.22,1.41,0.99,0.60,0.58,0.72,0.58,0.97,1.31,0.52,0.03,0.26,1.12
-2.70,-1.88,-0.49,0.71,-0.11,-0.71,-1.28,-0.60,-0.93,-1.90,-0.62,0.98,1.42,1.24,2.55,0.84,-0.69,0.54,-1.20,-3.63,-1.63,2.95,4.11,3.18,3.87,4.72,5.31,6.02,5.51,5.60,5.52,6.07,6.22,5.46,5.40,5.91,5.52,5.00,4.77,2.98,3.22,0.83,3.65,7.91,6.94,5.92,4.16,2.35,1.36,1.58,2.52,2.89,2.52,2.42,2.82,3.60,4.61,5.46,5.76,5.57,5.44,5.39,5.12,4.54,3.64,2.50,1.43,1.08,1.29,1.32,1.07,0.77,0.66,0.69,1.26,3.02,2.78,1.74,1.27,1.66
-2.55,-1.32,-0.80,0.28,-0.59,-2.94,-3.11,-0.43,-0.23,0.47,0.46,-0.16,-1.98,-0.94,-0.31,1.73,-1.02,-1.63,-0.47,-3.11,-3.95,-1.63,3.14,3.19,4.56,6.51,7.74,7.62,6.19,5.29,4.97,5.53,5.98,5.75,5.13,5.98,6.18,5.29,4.74,3.48,2.68,2.64,4.34,7.55,7.50,6.36,4.62,1.65,-0.48,-0.77,1.38,3.61,3.01,2.47,2.80,3.63,4.60,5.68,6.63,6.79,6.33,5.92,5.58,5.12,4.36,3.41,2.36,1.52,1.03,0.79,0.96,1.17,1.09,0.81,0.53,2.36,4.47,3.93,3.22,3.05
-1.88,-1.91,-2.45,0.99,0.69,-1.43,-3.31,-3.03,0.08,1.46,0.78,0.28,-0.14,1.71,-0.44,-1.15,-1.04,-2.30,0.00,0.42,-2.11,-1.32,3.31,2.80,-0.07,-1.09,3.27,5.83,6.48,4.40,4.40,6.15,6.56,5.84,4.08,4.77,5.52,5.31,4.43,4.18,3.85,3.65,4.80,7.17,8.30,7.65,5.54,1.77,-1.11,-2.09,-1.47,0.77,2.52,1.82,1.48,2.26,4.01,5.56,6.99,7.39,6.87,6.34,5.96,5.38,4.57,3.77,2.43,1.27,0.24,-0.15,0.31,1.21,1.70,1.81,1.48,1.61,3.44,5.37,5.04,4.54
-1.45,-0.95,-0.80,0.73,0.57,-0.19,-1.21,-4.30,-5.09,2.16,6.27,5.26,4.13,3.76,1.57,0.17,-1.92,0.16,3.00,3.99,3.17,2.65,3.42,-0.27,-2.47,-3.10,-1.39,4.14,4.72,3.52,2.39,1.87,3.10,4.83,4.29,4.51,4.71,4.06,3.87,4.10,4.76,4.49,5.22,6.16,6.77,7.71,5.79,2.09,-0.60,-1.60,-1.35,-1.68,-1.98,-1.67,-0.90,0.39,1.59,3.00,6.37,8.36,7.97,7.99,7.34,4.76,2.50,1.73,0.41,-0.98,-1.92,-2.50,-2.52,-1.03,0.93,2.51,2.98,2.93,3.36,4.88,5.99,5.91
0.74,0.39,1.49,1.52,0.04,-0.61,-1.69,-2.60,-4.89,-3.20,3.39,4.14,4.04,4.34,3.45,0.26,-2.75,-1.30,2.20,6.51,5.98,2.52,3.31,-1.47,-2.30,-3.19,-3.62,-0.20,5.01,4.59,4.26,0.78,-2.52,1.26,4.49,4.69,4.30,4.67,4.49,4.20,4.81,6.22,7.51,8.95,9.23,7.18,4.55,1.96,0.00,-1.21,-2.08,-3.83,-5.67,-7.04,-7.40,-5.17,-2.14,-0.76,2.07,5.70,6.69,5.82,2.48,0.89,0.18,-0.26,-1.29,-2.38,-3.33,-4.02,-4.68,-4.60,-3.59,-0.42,2.50,4.04,4.35,5.12,6.19,6.24
4.31,5.06,5.15,3.71,2.89,1.69,-0.36,-0.46,0.30,1.15,1.25,1.49,1.76,4.57,6.13,5.68,3.13,-1.55,-1.30,7.32,7.43,4.78,7.34,0.76,-2.08,-2.28,-3.02,-2.47,1.02,3.66,3.17,0.56,-2.10,-2.04,0.24,3.37,3.60,2.29,3.69,4.08,4.00,4.77,8.80,7.58,4.79,3.29,2.30,1.10,0.05,-0.72,-1.76,-3.90,-5.91,-7.17,-7.89,-7.75,-5.48,-3.14,-1.90,-0.48,0.51,-0.39,-2.24,-2.93,-2.51,-2.31,-2.98,-3.89,-4.44,-4.68,-4.95,-4.95,-4.47,-3.32,-1.06,1.98,4.12,5.77,7.05,7.82
3.52,3.63,3.37,1.41,-0.01,-0.14,-0.45,0.21,1.78,3.13,3.04,1.80,1.12,2.06,4.96,7.16,5.94,2.34,-0.36,-0.25,3.52,4.66,7.66,3.34,0.32,-1.05,-2.06,-1.32,0.63,2.76,1.66,0.04,-1.94,-1.75,-1.62,-0.85,0.15,-0.00,1.10,1.88,2.35,3.51,3.45,3.31,3.68,3.10,2.10,0.14,-0.99,-1.50,-2.32,-3.83,-5.24,-6.12,-6.45,-5.77,-3.75,-2.12,-1.48,-1.23,-1.10,-1.00,-0.76,-1.50,-2.34,-3.02,-3.99,-4.34,-4.31,-4.49,-5.22,-5.97,-5.96,-4.67,-2.50,-0.20,1.90,5.28,8.25,9.30
1.72,2.16,0.93,0.22,-0.01,-0.41,-0.46,0.21,1.76,2.88,3.61,4.25,3.90,4.35,2.80,3.72,4.57,3.29,1.99,-0.37,-1.69,-1.41,5.87,4.62,1.60,-0.95,-0.72,1.01,0.81,0.66,0.78,-0.81,-2.26,-2.30,-1.89,-1.36,-0.43,0.04,0.33,0.33,0.79,3.67,4.50,4.18,3.23,1.18,0.18,-1.44,-2.01,-1.69,-1.75,-2.45,-4.29,-4.89,-4.51,-3.21,-2.03,-1.21,-0.07,0.50,0.14,0.00,-0.31,-1.06,-2.19,-3.10,-4.23,-4.70,-4.59,-5.18,-6.79,-7.89,-8.07,-7.11,-4.58,-1.07,1.49,4.41,7.44,10.88
-0.74,1.15,1.79,1.38,0.83,1.05,0.83,1.18,1.98,2.52,3.63,4.03,1.23,-0.49,0.02,0.76,2.09,2.55,1.31,-0.04,-2.00,-2.51,0.19,1.09,1.30,0.97,0.48,1.01,2.25,3.18,2.88,2.03,0.64,-0.49,-0.59,-0.65,-0.57,-0.01,0.15,0.61,2.29,4.54,4.63,4.45,2.89,0.24,-1.33,-2.21,-2.21,-2.11,-1.57,-0.62,-1.92,-2.74,-3.11,-1.95,-1.16,-2.11,-2.40,-0.22,2.59,2.43,0.82,-0.14,-1.38,-2.65,-4.67,-5.75,-6.13,-7.27,-8.72,-9.68,-10.03,-9.74,-7.73,-3.74,-0.04,3.99,6.79,10.52
