data/2017092512_UV_SFC.json
{"header": { "refTime": "2017-09-25T06:00:00.000Z", "parameterCategory":  2, "parameterNumber":   3, "surfacelType": 104, "surfacelValue":        0.0, "forecastTime":    6, "scanMode": 0, "nx": 101, "ny": 61, "lo1": 80, "la1": 60, "lo2": 180, "la2": 0, "dx": 1, "dy": 1 }, "data":
[rows 0 to 34 of 61, columns 0 to 79 of 101]
7.11,6.73,6.29,5.89,5.65,5.41,5.11,4.21,3.29,2.75,2.46,2.06,1.51,1.57,1.88,1.72,1.04,0.90,0.96,1.34,1.96,0.62,0.15,0.96,2.11,2.02,2.38,2.75,2.60,1.94,0.66,-2.86,-2.92,-2.83,-2.24,-1.02,-0.77,-0.91,-1.38,-1.67,-0.81,-1.76,-2.02,-0.48,0.78,0.97,1.30,2.38,3.25,4.95,5.12,4.09,2.71,-0.42,-1.66,-1.62,-1.29,-1.92,-2.84,-3.13,-2.07,-1.21,-0.41,1.03,2.21,2.51,2.64,2.65,3.44,3.60,4.41,4.52,4.25,4.16,4.20,4.13,4.07,4.06,4.13,4.22
7.52,7.34,7.05,7.06,6.54,5.87,5.25,4.78,3.67,2.97,2.55,2.38,2.10,2.01,2.03,1.88,2.20,2.80,2.51,1.83,1.19,1.92,1.44,3.11,2.93,2.76,2.60,2.34,1.78,-0.29,-3.35,-3.63,-3.12,-3.12,-3.43,-1.30,0.26,0.23,-1.45,-2.17,-1.68,-0.60,-1.14,-1.39,-0.53,0.77,2.22,2.84,2.80,5.22,5.05,4.69,3.57,0.98,-0.55,-0.74,-0.84,-0.94,-1.58,-1.62,-0.66,0.14,0.16,0.72,1.43,1.52,1.50,2.36,3.05,3.71,4.43,5.25,5.41,5.29,5.21,5.06,4.82,4.65,4.56,4.52
7.26,7.54,7.48,7.58,7.22,6.09,4.80,4.27,4.36,3.34,2.45,2.30,2.65,2.66,2.05,1.78,2.52,2.30,0.45,0.58,-2.10,-0.32,4.08,3.10,2.11,2.63,2.16,1.77,0.43,-2.93,-4.74,-5.00,-3.64,-3.53,-2.78,-2.87,-2.18,-1.46,0.36,-0.14,-0.08,0.82,0.92,0.94,1.50,1.73,3.02,3.09,2.18,3.59,4.55,4.96,4.59,2.63,0.88,0.48,0.32,0.47,0.31,-0.19,-0.20,-0.00,-0.18,-0.10,0.03,0.97,1.38,1.77,1.97,2.83,3.96,4.59,5.17,5.34,5.47,5.32,5.45,5.44,5.30,5.21
6.61,7.25,7.56,7.67,7.40,6.52,5.25,4.51,4.76,4.07,2.94,2.77,3.23,3.16,2.39,1.70,0.68,0.34,1.47,-1.02,-1.82,-0.31,0.47,-1.79,1.87,2.03,1.77,1.62,0.83,-1.37,-3.12,-4.70,-4.72,-3.86,-3.44,-2.51,-1.64,-1.55,0.07,0.32,0.25,0.14,0.46,1.26,1.97,3.12,3.72,3.15,2.48,3.12,4.41,4.98,4.84,3.71,2.71,2.13,1.78,1.71,0.82,-0.54,-1.60,-2.56,-2.43,-0.88,0.07,0.40,1.09,1.74,1.96,2.60,3.45,4.15,4.68,5.06,4.78,4.54,4.53,4.72,5.23,5.76
5.30,6.12,7.04,7.70,7.86,7.37,6.29,5.37,4.60,4.22,4.08,3.90,3.66,3.42,3.23,2.32,0.64,0.25,-1.29,-2.15,-0.61,0.42,-1.00,-0.55,1.61,1.67,1.65,1.80,1.54,0.16,-1.68,-3.14,-3.99,-4.22,-3.34,-2.59,-1.71,-0.87,-0.82,-0.42,-0.54,-0.50,0.10,0.70,1.45,2.55,3.63,4.10,3.62,3.77,4.48,5.12,5.14,4.44,3.82,3.76,2.97,1.40,-0.12,-1.34,-2.57,-3.47,-3.05,-1.71,-0.02,0.17,0.48,1.43,2.40,2.43,2.97,3.84,4.26,4.46,4.46,4.52,4.13,4.07,4.63,5.23
4.34,5.38,6.62,7.46,8.01,7.97,7.61,6.64,5.03,4.71,5.30,5.20,4.92,4.55,4.02,4.39,2.51,-1.67,-2.30,-1.93,-1.21,-0.42,-0.97,0.88,1.65,1.63,1.63,1.59,0.87,-0.14,-1.24,-2.30,-2.63,-2.63,-3.21,-2.50,-2.06,-1.47,-1.83,-2.90,-4.10,-2.08,0.58,1.35,1.11,1.36,3.23,3.82,4.57,4.88,4.98,5.39,5.43,5.03,4.52,4.23,3.48,1.56,0.17,-0.73,-1.89,-2.24,-1.93,-1.42,-0.38,0.04,0.16,0.25,0.53,1.01,1.38,2.25,2.80,3.38,4.21,4.18,3.97,4.17,4.57,5.09
3.36,4.76,8.02,8.34,8.08,8.61,8.93,8.64,7.92,7.52,6.92,6.40,6.12,6.12,5.55,5.23,1.43,-1.48,-1.16,-1.69,-0.97,-0.69,0.85,1.52,1.26,1.16,1.17,1.13,0.80,0.07,-0.82,-1.56,-1.81,-1.77,-1.66,-1.20,-1.02,-2.35,-4.13,-4.55,-3.02,-1.29,2.04,3.44,2.14,1.25,4.52,5.92,5.46,5.51,5.34,5.57,5.74,5.43,4.84,3.89,2.80,2.23,1.11,-0.43,-1.49,-0.87,-1.50,-1.40,-1.09,-0.41,0.56,0.82,0.72,0.52,0.64,1.37,2.10,2.58,2.97,3.42,3.75,3.67,3.70,4.29
4.28,2.77,6.07,9.83,9.60,8.90,8.92,8.90,8.93,8.37,7.74,7.33,6.90,6.91,6.72,5.18,2.93,1.53,0.74,-0.49,0.47,0.35,1.75,1.30,0.71,0.18,0.14,0.53,0.76,0.47,-0.07,-0.51,-0.95,-1.41,-1.19,-0.34,-0.28,-2.26,-4.24,-4.09,-2.85,-1.77,1.06,5.39,3.60,1.49,3.24,6.76,6.11,5.66,5.66,5.77,5.74,5.19,4.30,3.13,1.64,-0.05,-0.93,-3.26,-5.47,-4.81,-2.35,-1.95,-1.93,-1.18,0.11,0.55,0.78,0.98,0.86,0.56,0.95,1.59,2.21,2.88,3.30,3.39,2.98,2.34
6.11,2.20,5.92,8.72,9.16,8.26,7.80,7.42,7.55,8.34,8.46,8.56,7.90,6.86,6.12,5.11,3.35,2.16,1.68,0.80,0.85,1.01,2.75,1.99,0.73,-0.64,-1.05,-0.33,0.60,1.11,0.99,0.60,0.10,-0.43,-0.60,-0.10,-0.19,-1.72,-3.75,-4.41,-3.37,-1.60,-0.49,3.09,4.72,2.54,2.66,6.66,6.54,6.05,6.18,5.89,5.44,4.61,3.50,2.39,1.20,-0.79,-3.31,-5.21,-7.16,-7.17,-5.85,-4.55,-3.04,-2.31,-1.28,-0.44,-0.22,0.40,1.04,1.27,1.12,1.10,1.17,1.51,2.13,2.62,2.64,1.78
6.76,1.88,3.22,5.66,6.33,6.67,6.75,6.65,6.70,6.70,7.47,7.77,7.82,7.69,6.65,5.30,4.15,3.29,3.17,2.06,1.87,3.04,4.28,2.98,1.36,-0.12,-0.63,-0.23,0.74,1.71,1.99,1.46,1.12,1.15,0.97,0.83,0.16,-1.28,-2.79,-3.67,-3.50,-2.05,-0.70,0.20,2.22,1.85,2.11,5.81,6.92,6.65,6.22,5.82,5.17,4.29,3.51,2.16,0.82,-0.99,-2.49,-4.63,-6.56,-7.12,-6.35,-5.81,-4.14,-2.36,-1.43,-0.89,-0.70,-0.62,0.34,1.49,1.79,2.10,2.13,1.87,1.90,2.37,2.59,2.37
6.61,1.22,-0.25,2.44,4.50,5.51,5.80,5.36,4.64,5.14,5.92,6.22,6.49,6.66,6.01,5.25,4.54,3.52,3.26,1.47,2.73,4.43,5.37,4.28,2.72,2.18,1.51,0.22,0.67,2.38,3.00,2.22,1.56,1.85,2.14,2.20,0.90,-0.58,-1.38,-2.49,-3.76,-4.33,-3.22,-0.11,2.39,2.68,2.85,5.28,6.82,6.97,6.46,5.78,5.06,4.13,3.10,1.87,0.16,-0.94,-2.83,-4.85,-6.43,-6.84,-6.51,-5.96,-4.94,-3.32,-2.03,-1.68,-1.20,-1.15,-0.98,-0.11,0.73,1.19,2.34,3.01,2.68,2.57,2.68,2.66
6.09,3.81,1.65,1.63,2.84,3.97,4.11,4.28,3.53,2.04,1.70,1.58,1.59,2.14,2.17,1.57,1.64,2.83,3.55,1.37,2.54,5.31,6.26,4.94,2.21,2.54,1.83,-0.04,-0.11,3.18,4.55,3.62,2.36,2.47,2.95,2.94,0.82,-1.46,-1.80,-2.30,-3.71,-4.71,-3.47,-1.14,1.01,2.27,3.47,5.24,6.54,6.71,6.40,5.84,4.99,3.91,2.98,1.80,-0.04,-2.06,-3.91,-5.61,-6.58,-6.80,-6.30,-5.86,-5.23,-4.02,-2.51,-1.32,-0.92,-0.86,-1.34,-1.81,-1.27,-0.29,0.85,2.34,2.86,2.40,2.20,2.09
6.49,4.97,2.55,1.30,1.31,2.37,3.62,3.94,2.59,1.15,0.55,0.19,0.80,0.96,0.19,-0.83,-1.38,-0.55,0.93,1.15,1.60,5.83,6.13,4.63,3.99,3.41,2.45,2.31,1.17,0.95,5.32,4.92,3.41,2.70,3.24,2.67,0.50,-0.90,-1.78,-2.94,-5.04,-4.11,-2.22,-0.95,1.25,1.37,3.18,4.72,6.09,6.18,6.05,5.59,4.90,4.10,3.05,1.36,-0.88,-3.15,-4.83,-5.82,-6.46,-6.58,-6.56,-5.92,-5.18,-3.40,-1.66,-0.67,-0.39,-0.62,-1.29,-1.65,-1.43,-0.87,0.11,1.51,2.42,2.37,1.63,1.25
1.74,4.48,2.97,1.43,0.71,1.57,2.86,2.59,1.89,1.06,0.50,0.56,0.65,0.88,0.48,-0.23,-0.35,-0.35,-0.54,1.02,0.70,3.33,4.14,4.57,5.91,3.73,3.79,4.01,2.34,-0.41,3.22,4.45,3.88,3.32,3.43,1.94,0.55,-0.41,-1.79,-3.59,-5.53,-3.94,-2.91,0.35,2.74,3.73,3.61,4.13,4.92,4.55,4.65,5.17,5.13,4.37,2.77,0.39,-1.54,-2.86,-4.50,-5.42,-5.86,-6.61,-6.58,-5.97,-4.74,-3.42,-2.48,-1.34,-0.56,-0.62,-1.16,-1.46,-1.21,-0.29,0.73,1.47,1.83,1.76,1.41,1.31
0.03,1.25,0.85,0.23,0.18,1.40,2.38,2.97,2.15,0.94,0.18,0.06,0.39,0.66,0.33,0.25,0.65,1.01,1.55,1.74,1.77,3.69,3.43,4.31,4.79,4.38,4.14,3.17,2.58,2.72,3.65,3.29,3.58,3.98,3.32,1.53,0.73,-0.54,-2.52,-4.65,-5.25,-2.30,-3.09,-0.28,3.29,4.16,4.75,4.57,5.10,5.43,5.65,5.61,5.18,4.26,2.90,1.22,-0.31,-1.76,-3.40,-4.01,-4.77,-5.94,-6.76,-6.32,-5.04,-3.63,-2.90,-2.56,-1.80,-1.53,-1.76,-1.67,-1.15,-0.15,0.36,0.05,-0.16,0.25,1.08,1.51
1.12,2.13,0.69,-0.00,0.21,1.34,2.16,2.36,1.68,0.38,-0.58,-0.55,0.39,0.97,0.63,0.36,0.92,2.60,3.21,2.46,3.50,3.41,3.45,4.19,4.95,4.68,4.45,3.18,2.45,3.29,3.84,3.03,3.49,4.24,3.22,1.96,0.79,-1.07,-3.17,-5.62,-4.42,-1.84,-4.95,-1.38,2.89,4.35,4.30,5.04,5.37,4.87,4.35,4.40,3.77,2.80,2.20,1.81,0.80,-0.64,-1.06,-2.46,-3.80,-4.99,-5.98,-5.77,-4.36,-2.57,-1.84,-2.15,-2.30,-2.11,-1.75,-1.43,-1.11,-0.70,-0.28,-0.40,-0.50,-0.06,0.50,0.74
-0.77,4.35,3.72,1.42,0.69,0.90,1.04,1.17,1.03,0.19,-1.09,-1.41,-0.71,0.35,0.47,2.33,3.13,3.81,2.51,2.51,3.39,3.24,3.22,3.51,4.03,4.95,4.56,2.89,1.00,1.49,3.21,3.38,4.29,4.71,3.78,2.61,0.69,-1.60,-3.90,-5.64,-2.93,-1.85,-5.05,-2.84,1.19,3.40,4.42,4.69,4.10,3.00,1.72,1.40,1.81,2.08,1.84,1.45,0.51,-0.52,-0.74,-1.20,-2.35,-3.63,-4.60,-4.52,-3.18,-1.80,-1.06,-1.54,-2.05,-2.15,-1.67,-1.55,-1.84,-1.77,-1.32,-0.85,-0.81,-0.13,0.17,0.20
-2.08,0.99,3.17,3.06,1.86,1.19,0.84,0.63,0.02,-0.71,-1.38,-2.04,-1.14,0.18,0.31,2.84,3.93,5.13,2.88,3.06,3.30,3.03,2.70,1.94,1.13,1.34,2.51,1.74,1.61,1.67,3.10,4.06,5.00,5.13,4.44,3.13,0.99,-1.53,-4.25,-5.85,-2.34,-1.03,-1.83,-2.14,0.12,2.48,4.31,4.88,4.29,3.16,1.58,0.77,0.77,0.78,0.78,0.72,0.54,0.00,-0.34,-0.30,-0.86,-1.66,-2.42,-2.76,-2.25,-1.28,-1.19,-1.27,-1.38,-1.53,-1.55,-1.51,-1.49,-1.43,-1.38,-1.05,-0.60,-0.64,-0.74,-1.01
-1.50,-0.67,1.96,2.61,3.38,2.76,2.27,2.09,1.50,0.60,-0.27,-1.11,-0.46,1.18,1.97,2.81,3.05,3.06,2.87,3.53,3.50,2.74,2.62,2.57,1.69,1.72,1.97,2.54,2.66,3.21,4.14,5.06,5.59,5.67,5.13,3.70,1.62,-1.23,-3.69,-5.54,-3.06,0.13,0.10,-0.42,-0.05,1.25,2.99,4.08,4.31,3.47,1.96,0.87,0.15,-0.22,-0.23,0.15,0.62,0.78,0.95,1.05,0.63,0.03,-0.90,-1.88,-1.92,-1.20,-1.19,-1.73,-1.63,-0.99,-1.17,-1.23,-1.14,-1.10,-1.00,-0.81,-0.34,-0.07,-0.56,-1.07
-2.64,-1.63,-0.16,2.34,3.15,5.50,4.70,3.64,2.32,0.87,0.08,-0.15,0.27,1.65,2.06,3.11,3.12,3.06,3.06,3.05,2.71,1.59,1.22,0.65,0.45,2.25,3.35,4.30,5.46,4.39,4.72,6.80,6.45,6.19,5.56,4.19,2.15,-0.52,-2.07,-3.58,-3.26,-0.83,-0.02,0.38,0.21,0.12,1.29,2.96,3.27,3.25,2.46,1.40,0.38,-0.49,-0.67,-0.03,0.93,1.90,2.89,3.03,2.47,1.65,0.37,-0.75,-1.48,-1.64,-1.56,-1.82,-2.08,-1.68,-1.39,-1.28,-1.11,-1.02,-0.91,-0.68,-0.47,-0.19,0.12,0.05
-2.33,-3.44,-3.23,-2.20,2.16,4.46,5.46,4.41,2.30,0.72,0.21,0.19,0.01,0.90,1.92,3.87,2.62,1.02,2.45,3.18,3.17,2.68,2.36,1.13,-0.09,-1.22,0.73,5.67,8.28,6.81,6.59,8.25,7.21,6.44,5.70,4.47,2.61,0.51,-0.23,-1.51,-2.35,-1.61,-0.74,-0.14,0.41,0.47,0.97,2.19,2.49,2.23,1.91,1.03,-0.11,-1.04,-1.16,-0.29,1.11,2.73,3.89,4.05,3.82,3.10,2.14,1.19,-0.08,-1.20,-1.43,-1.25,-1.56,-1.95,-1.95,-2.03,-1.85,-1.55,-1.12,-0.55,-0.22,-0.31,-0.28,0.09
-2.04,-2.36,-3.23,-3.46,-2.88,1.32,3.10,4.69,2.94,1.32,0.95,0.51,-0.61,0.39,2.99,4.35,0.32,-0.95,-0.49,2.18,3.20,3.10,2.58,1.56,-0.34,-2.72,-2.50,2.63,9.48,9.96,6.53,8.72,7.36,6.60,5.86,4.77,3.08,1.40,1.10,0.53,-0.52,-0.89,-0.48,-0.14,0.35,1.14,1.76,2.29,2.09,1.18,0.50,0.07,-0.43,-0.70,-0.80,-0.46,0.92,2.76,3.72,4.09,4.08,3.86,3.13,2.52,1.65,0.81,0.19,-0.19,-0.43,-0.78,-1.34,-1.82,-1.99,-2.03,-2.22,-1.68,-0.33,0.09,-0.59,-0.61
-4.09,-2.31,-0.66,-1.59,-2.09,-1.94,1.78,3.58,4.24,2.80,1.84,2.14,0.87,0.64,3.26,4.02,2.72,0.80,-0.12,0.69,2.60,3.54,2.97,2.07,0.81,-1.26,-3.22,-0.97,5.13,6.98,5.81,4.86,4.67,5.66,6.05,5.19,3.79,2.43,2.18,2.15,1.64,0.82,0.63,0.42,0.20,0.47,0.93,1.53,1.93,1.58,0.74,0.22,0.01,-0.15,-0.34,-0.44,0.10,1.34,2.65,2.81,2.46,2.40,2.51,2.37,1.79,1.60,1.97,1.98,1.09,0.36,-0.40,-1.00,-1.38,-1.64,-2.16,-2.78,-2.24,-0.88,-0.76,-1.07
-5.10,-5.14,-4.47,-3.29,-1.91,-1.60,0.30,3.36,5.31,4.42,1.59,0.76,-0.79,-0.76,1.97,2.87,2.72,1.85,1.57,1.00,2.73,3.84,3.56,2.90,1.69,-1.01,-2.31,-1.13,2.31,5.18,5.45,4.97,4.90,5.36,4.27,4.17,4.11,4.17,3.82,3.20,1.47,2.13,2.54,1.53,0.76,0.44,0.56,0.82,1.30,1.66,1.18,0.46,-0.07,-0.42,-0.72,-0.95,-0.99,-0.61,0.48,1.54,2.09,2.31,2.51,2.66,1.99,1.32,1.75,2.59,2.36,1.49,0.62,0.01,-0.30,-0.49,-0.96,-1.80,-2.43,-2.06,-1.38,-1.44
-3.24,-3.38,-3.40,-2.93,-2.19,-2.05,-1.21,0.60,2.85,4.73,3.32,0.46,-2.45,-1.60,-0.05,0.08,1.09,-1.05,-0.23,0.99,2.41,3.98,4.20,4.14,3.60,2.20,0.77,0.22,2.52,4.23,4.40,4.68,4.57,5.34,5.36,5.43,5.44,4.48,5.32,5.06,2.89,2.11,4.84,3.10,1.86,1.25,0.88,0.78,0.94,1.31,1.38,0.85,0.06,-0.63,-0.97,-1.00,-1.09,-1.24,-1.15,-0.56,0.56,1.50,2.14,3.14,3.57,2.89,2.57,2.66,2.79,2.25,1.56,0.93,0.72,0.83,0.60,-0.18,-1.08,-1.58,-1.48,-1.32
-3.20,-2.52,-2.20,-2.03,0.04,0.89,-0.54,0.25,0.49,-0.03,1.22,1.50,0.35,1.16,0.36,-0.36,-0.76,-0.43,-1.92,0.33,2.53,4.00,4.24,4.19,4.44,4.18,3.30,2.61,2.92,4.37,4.03,5.15,5.73,5.06,4.95,5.58,5.58,4.69,4.45,5.40,5.54,1.27,5.26,4.48,2.80,2.52,2.18,1.59,1.23,1.35,1.68,1.78,1.47,0.76,-0.11,-0.67,-0.75,-0.66,-0.58,-0.69,-0.78,-0.47,-0.23,0.85,3.16,4.06,3.98,3.87,3.64,3.11,2.46,1.93,1.65,1.70,1.80,1.44,0.62,-0.26,-0.75,-0.75
-4.08,-2.50,-0.97,-0.62,0.22,0.85,-0.10,-0.62,-0.64,-1.36,-1.60,-0.13,-0.72,-0.07,0.12,1.45,2.62,0.69,-1.02,-1.43,3.05,4.62,4.97,4.47,5.32,4.74,4.90,5.01,4.67,5.05,4.51,5.82,6.40,5.47,4.99,5.51,5.20,4.14,4.34,4.18,7.74,5.92,5.50,5.03,3.63,3.27,3.38,2.78,1.64,0.83,0.96,1.70,2.21,2.05,1.25,0.29,-0.34,-0.47,-0.14,0.46,1.01,1.24,1.20,1.07,1.54,2.80,3.85,4.49,4.64,4.19,3.44,2.88,2.95,2.95,2.54,2.26,1.98,1.58,1.06,0.64
-3.01,-1.61,-0.10,0.22,0.61,1.41,1.89,2.45,3.22,2.71,2.83,2.59,1.47,0.73,-0.57,-2.66,0.45,1.53,0.14,-1.69,1.00,4.57,4.27,4.23,6.15,6.85,7.15,7.13,6.10,5.64,4.84,5.20,5.36,4.81,4.27,5.41,5.14,3.66,2.61,1.38,4.61,8.71,7.29,5.76,4.33,3.52,3.68,3.50,1.89,0.35,0.10,0.70,1.74,2.04,0.96,-0.42,-1.58,-2.30,-2.23,-1.61,-0.57,0.68,1.82,2.47,2.80,3.19,3.60,3.97,4.55,4.52,3.92,2.97,3.10,3.82,3.69,2.99,2.75,2.88,2.73,2.40
-1.41,-0.80,-0.30,1.49,2.66,1.83,0.56,1.54,4.51,5.03,4.78,4.08,2.79,2.74,3.09,0.94,-0.24,1.23,1.59,0.95,-0.08,4.53,4.27,2.15,-0.63,-1.69,2.51,5.97,7.11,5.67,4.89,5.65,5.63,4.70,3.25,3.24,3.21,2.49,1.55,0.64,-0.47,4.31,5.93,5.20,4.09,3.08,3.27,4.19,2.50,0.98,0.67,0.96,2.51,1.95,0.61,-1.06,-2.53,-3.13,-3.51,-3.61,-3.10,-2.38,-0.87,1.35,2.93,3.41,3.84,4.12,4.03,4.33,3.47,2.34,2.01,2.49,3.12,3.17,3.06,3.17,3.65,3.63
0.87,1.13,0.67,1.68,3.34,2.47,1.95,-0.08,3.43,5.09,7.01,8.21,7.37,6.56,4.71,3.62,2.28,2.79,4.35,5.93,3.68,5.51,4.75,1.11,-1.69,-4.07,-4.54,-1.01,4.43,4.83,3.88,4.59,5.51,5.20,4.04,3.92,3.53,2.87,2.26,1.94,2.25,2.77,3.67,3.97,3.99,3.91,4.51,4.76,3.08,2.32,2.58,2.65,2.44,1.35,0.75,-0.08,-1.00,-2.17,-3.88,-4.99,-5.32,-5.19,-4.53,-3.50,-1.62,-0.01,1.69,3.11,4.12,3.77,3.30,2.57,2.17,1.14,0.25,-0.51,-0.14,0.89,1.87,3.37
2.05,2.04,4.15,2.83,1.19,0.79,-0.02,-0.92,0.24,3.38,4.26,6.60,6.01,7.99,7.03,5.20,3.10,2.29,6.06,8.45,5.61,6.58,4.31,-0.62,-1.52,-2.63,-2.77,-2.03,3.20,5.15,5.13,3.50,0.74,1.69,0.93,1.10,2.75,2.85,2.18,1.74,3.69,4.21,3.91,2.57,2.73,4.08,5.06,4.70,3.49,3.88,3.97,2.56,1.86,1.65,0.94,-0.19,-1.19,-2.52,-4.05,-5.12,-5.89,-6.34,-6.51,-6.41,-5.97,-5.09,-3.51,-0.56,3.53,5.63,5.80,3.79,1.58,-0.46,-1.93,-3.29,-3.54,-2.99,-1.96,-0.55
5.11,5.56,5.78,4.44,2.39,0.10,-2.30,-2.21,-2.04,-1.03,0.43,2.65,3.81,6.78,8.83,7.36,5.34,1.52,6.17,8.69,6.77,9.50,8.81,2.58,1.01,-0.00,-0.41,0.39,1.52,3.44,3.20,0.61,-4.09,-3.91,-3.07,-1.47,-0.61,0.37,1.72,1.98,3.93,5.02,5.89,4.26,4.29,4.88,5.03,4.05,3.49,3.36,2.42,0.63,0.96,1.21,0.74,0.04,-1.09,-1.99,-2.69,-3.30,-3.91,-4.47,-5.05,-5.26,-5.44,-5.57,-5.66,-5.24,-3.75,-2.64,-1.38,-0.75,-1.23,-2.44,-3.63,-4.66,-4.96,-4.86,-4.39,-3.47
4.54,4.24,2.85,2.04,1.23,1.06,0.78,0.48,-0.19,-0.64,-1.06,0.34,2.08,3.07,5.43,8.54,6.00,0.48,1.56,6.25,7.15,7.94,9.44,5.64,2.18,2.61,1.26,1.04,2.10,3.31,1.61,-0.55,-3.41,-3.64,-3.54,-3.00,-2.74,-2.88,-1.66,0.10,3.04,5.20,7.00,6.47,4.92,3.50,3.03,1.98,0.46,-0.63,0.15,-0.69,-0.76,0.14,0.09,-0.49,-1.03,-1.13,-0.98,-1.25,-2.01,-2.76,-3.67,-4.16,-4.11,-3.74,-3.23,-3.60,-4.92,-5.98,-6.76,-6.69,-6.36,-5.91,-6.07,-6.26,-6.05,-5.48,-4.64,-3.79
6.06,4.10,1.49,0.85,1.06,0.96,1.20,1.78,1.71,1.51,1.47,1.86,1.96,1.87,0.51,1.81,4.57,3.27,0.77,-0.24,4.29,4.05,8.58,7.60,4.98,2.43,0.10,-0.27,-1.58,-0.11,0.72,0.35,-1.84,-2.67,-2.65,-2.63,-2.38,-2.13,-1.86,-1.13,1.04,2.95,5.22,6.17,5.60,4.16,3.44,2.01,0.40,-2.68,-2.21,1.49,0.55,0.82,0.57,0.26,-0.04,-0.32,0.19,0.26,-0.78,-1.57,-2.45,-3.08,-3.19,-2.93,-2.39,-1.70,-1.19,-1.34,-2.42,-3.19,-3.44,-4.14,-4.88,-5.88,-6.23,-5.62,-4.74,-4.23
3.06,4.36,2.82,0.95,-0.05,1.07,1.60,1.80,2.34,2.44,1.98,2.18,2.41,1.60,0.42,-1.48,-1.62,-1.17,-4.37,-5.44,-1.31,0.33,4.60,5.98,4.98,3.07,0.35,-0.13,-0.16,1.54,2.36,1.48,-0.27,-2.14,-2.65,-2.81,-2.78,-1.83,-1.59,-0.94,1.46,4.84,5.32,5.72,5.39,4.01,2.92,1.41,-0.75,-2.83,-3.05,-1.27,-1.32,0.17,0.92,0.50,2.39,1.55,0.27,0.86,0.88,0.05,-1.00,-1.89,-2.35,-2.24,-1.89,-1.80,-1.99,-2.07,-1.87,-2.77,-3.71,-3.32,-2.95,-3.63,-5.07,-6.62,-6.64,-6.28
