data/2017092600_UV_SFC.json
{"header": { "refTime": "2017-09-25T06:00:00.000Z", "parameterCategory":  2, "parameterNumber":   3, "surfacelType": 104, "surfacelValue":        0.0, "forecastTime":   18, "scanMode": 0, "nx": 101, "ny": 61, "lo1": 80, "la1": 60, "lo2": 180, "la2": 0, "dx": 1, "dy": 1 }, "data":
[rows 0 to 34 of 61, columns 0 to 79 of 101]
6.26,5.66,5.85,5.98,5.64,5.56,5.40,5.13,4.67,3.78,2.67,2.28,2.18,1.98,1.50,0.20,-0.32,-0.48,-0.57,-0.89,0.05,1.03,1.15,1.67,0.47,0.76,0.57,-0.24,-1.38,-2.41,-1.14,-0.72,-0.66,-0.76,-1.10,-1.49,-1.38,-1.30,-1.98,-1.42,0.88,0.63,1.42,2.13,0.59,0.40,1.54,2.47,2.28,3.19,4.29,4.29,3.78,0.85,0.38,1.07,1.41,0.70,-0.47,-0.89,-0.50,0.63,1.78,2.05,2.41,3.47,5.02,5.23,5.91,6.43,6.26,6.05,5.53,5.10,4.85,4.68,4.32,3.95,3.50,3.03
5.82,6.07,6.54,6.50,6.18,5.92,5.77,5.50,5.10,4.60,3.73,2.88,2.44,2.13,1.59,0.74,-0.16,-0.84,-1.27,-0.95,1.12,1.01,1.42,1.28,1.03,1.19,0.99,0.36,-1.07,-1.47,-1.40,-1.30,-1.20,-1.22,-1.30,-1.38,-1.45,-1.64,-1.47,-1.27,0.01,1.89,1.91,2.49,2.91,2.39,2.53,3.63,2.67,4.74,5.40,5.04,4.31,2.18,1.20,0.41,-0.41,-1.38,-2.10,-2.32,-1.98,-1.52,-0.85,0.42,1.45,1.84,2.90,4.64,5.73,6.24,6.33,5.90,5.44,5.11,4.76,4.49,4.25,3.91,3.46,2.88
6.01,6.73,6.94,7.12,6.92,6.50,5.92,5.55,5.21,4.89,4.49,3.97,3.28,2.57,1.94,1.81,0.86,-0.80,-1.95,-0.22,1.06,1.19,0.67,0.65,2.10,1.86,1.31,0.90,-0.29,-1.54,-2.48,-1.84,-0.94,-0.91,-0.51,-0.98,-1.12,-0.98,-0.54,-0.59,0.13,1.77,2.63,2.91,3.40,3.96,3.91,4.38,4.47,5.02,5.55,5.13,3.90,2.56,1.20,-0.32,-1.52,-2.24,-2.67,-2.96,-2.78,-2.45,-1.37,0.28,1.65,3.10,2.31,3.22,4.97,5.90,6.09,5.75,5.77,5.64,5.36,5.01,4.69,4.34,3.83,3.25
6.64,7.44,7.71,7.58,7.42,6.85,6.17,5.89,5.67,5.50,5.15,4.80,4.37,3.86,3.07,2.34,0.86,-1.23,0.46,1.59,0.93,1.21,0.21,0.83,2.10,1.55,1.12,0.85,0.08,-1.28,-2.51,-2.81,-2.01,-0.79,-0.38,-0.13,-0.43,-0.25,-0.48,0.01,0.70,1.36,2.61,3.75,4.94,5.63,5.27,4.75,4.40,4.60,4.97,4.59,2.75,0.83,-0.75,-1.98,-3.10,-3.68,-3.93,-3.94,-3.91,-2.74,-1.07,0.74,1.61,2.08,3.60,3.44,2.99,3.21,4.61,5.42,6.03,6.18,5.95,5.53,5.09,4.73,4.43,4.10
6.54,7.28,7.78,8.00,7.75,7.56,7.10,6.34,5.44,5.31,5.22,4.78,4.37,4.22,3.82,3.12,0.68,1.17,2.44,1.48,0.14,0.92,0.31,0.65,1.73,1.26,0.73,0.43,-0.18,-1.20,-2.19,-2.72,-2.75,-1.80,0.33,0.60,0.80,0.20,-0.62,-0.57,0.44,1.31,2.42,3.65,4.92,6.13,6.34,5.03,4.04,3.65,3.14,1.82,0.21,-0.64,-1.68,-2.55,-3.79,-4.65,-4.93,-4.87,-3.49,-1.41,-0.10,1.10,2.29,2.99,3.78,4.95,5.19,5.45,5.14,4.50,4.61,5.43,6.09,6.03,5.74,5.45,5.24,4.99
5.76,5.96,7.02,7.69,8.07,7.98,7.78,6.72,5.60,4.91,4.89,4.74,4.47,4.15,4.39,5.29,3.91,3.69,2.48,1.73,0.65,0.40,0.91,1.56,2.11,1.53,1.21,0.68,-0.06,-0.84,-1.65,-2.25,-2.41,-1.88,-0.46,0.95,1.54,1.43,0.57,-0.08,0.33,1.20,2.34,3.44,3.80,3.89,5.63,5.40,4.46,3.60,3.26,3.38,2.91,0.26,-0.95,-1.94,-3.07,-3.97,-4.40,-4.07,-3.21,-2.01,-0.36,1.06,1.80,2.86,4.05,4.16,3.91,3.87,4.01,4.58,4.78,3.99,4.43,4.97,5.49,6.01,5.97,5.76
4.28,2.61,5.18,6.72,7.53,7.80,7.88,7.53,7.28,6.32,5.51,5.48,5.22,4.91,5.01,5.73,4.77,2.66,1.25,1.20,0.52,1.43,1.62,2.60,3.38,2.85,2.19,1.51,0.65,-0.24,-1.03,-1.53,-1.70,-1.28,-0.24,0.54,1.51,1.37,1.39,0.42,0.60,1.07,1.96,4.10,4.27,2.52,3.46,4.59,4.41,3.86,4.26,4.66,4.29,2.37,0.40,-0.79,-2.14,-3.55,-4.93,-6.98,-6.02,-3.89,-1.74,0.60,1.76,2.11,2.73,3.16,3.10,3.07,3.49,3.51,3.63,3.95,3.98,4.42,4.63,5.25,5.94,5.99
3.74,2.78,4.82,7.65,7.74,8.11,8.12,8.32,8.18,8.08,7.22,6.79,6.37,5.56,5.31,5.17,5.08,4.47,2.90,1.49,0.87,1.70,2.48,3.97,4.39,3.83,3.03,1.96,0.93,-0.03,-0.76,-1.16,-1.32,-0.86,0.33,1.07,1.06,0.68,0.41,-0.17,0.46,1.13,1.54,3.59,3.41,1.36,1.66,4.86,4.67,4.17,4.20,4.00,3.54,3.24,1.78,0.14,-1.34,-2.99,-4.86,-5.77,-5.67,-4.94,-3.20,-0.69,1.82,2.97,3.18,2.72,2.61,2.86,2.97,2.80,3.03,3.63,4.01,4.00,4.12,3.35,3.19,3.48
5.54,2.81,4.86,5.83,6.97,7.45,7.71,7.85,8.01,8.04,7.81,7.18,6.56,5.77,5.44,5.44,5.52,4.94,3.52,1.19,1.58,2.67,3.61,5.47,4.85,4.03,2.96,1.43,0.23,-0.37,-0.64,-0.74,-1.03,-1.13,0.13,0.78,0.97,0.33,-0.59,-0.78,-0.03,1.37,2.32,2.91,5.05,2.57,2.33,4.75,5.33,4.69,3.08,2.65,3.05,3.07,2.05,0.92,-0.24,-2.32,-4.51,-5.36,-4.71,-4.77,-4.22,-1.87,1.52,3.19,3.50,3.13,2.66,2.56,2.48,2.44,2.42,2.51,2.91,3.47,3.45,3.21,2.71,2.22
5.81,5.95,6.00,4.97,5.75,6.62,7.26,7.77,7.67,7.11,7.06,6.57,5.90,5.71,5.57,5.54,6.17,6.17,4.90,2.49,3.24,4.51,5.28,5.41,4.99,3.34,1.73,-0.05,-1.03,-1.02,-0.22,0.71,0.98,-0.13,-0.41,0.02,0.04,-0.65,-1.52,-1.60,-0.84,0.62,2.64,3.98,4.91,2.87,2.70,5.56,5.66,4.36,3.53,2.55,2.05,2.07,1.88,0.78,-0.31,-2.19,-3.27,-3.30,-2.92,-3.26,-2.80,-1.92,-0.69,1.15,2.19,3.25,3.28,3.09,3.28,3.04,2.45,2.10,1.85,1.98,2.64,2.82,2.53,2.10
2.79,6.14,5.90,5.81,5.98,6.85,7.23,7.08,6.97,6.79,5.93,4.69,4.87,5.71,5.50,5.56,6.29,6.72,6.40,2.57,4.51,5.13,6.61,6.28,4.95,3.08,1.26,-1.38,-2.38,-1.64,-0.07,1.44,1.67,0.00,-1.47,-0.53,0.56,-0.22,-1.92,-3.08,-3.36,-1.30,2.00,3.19,3.60,3.25,4.94,6.56,5.91,4.49,3.72,2.74,1.82,1.24,0.59,-0.52,-2.47,-4.31,-5.46,-5.76,-5.16,-2.47,-1.29,-0.74,-0.14,0.56,1.13,1.43,1.90,2.77,3.55,3.85,3.73,3.02,2.07,1.72,2.10,2.19,2.10,2.03
2.32,3.92,5.02,5.77,6.22,6.41,6.57,6.50,6.15,5.16,3.54,3.34,2.92,2.74,3.16,4.07,4.43,5.53,6.97,2.48,3.64,2.77,4.32,4.64,2.87,2.52,0.59,-2.04,-3.28,-1.36,0.39,1.56,2.23,0.78,-0.59,-0.25,-0.40,-1.00,-2.02,-3.65,-4.06,-1.50,2.12,3.12,3.83,2.57,4.36,6.01,5.27,4.03,3.45,3.19,2.68,2.11,1.37,-0.57,-3.05,-5.18,-6.73,-7.67,-7.82,-6.53,-3.58,-1.38,-0.31,-0.26,-0.61,0.11,1.38,1.84,2.39,3.14,3.41,2.89,2.20,1.91,1.62,1.44,1.30,1.10
3.10,5.26,5.38,5.20,5.62,5.53,5.11,4.17,3.67,3.25,3.19,2.75,2.02,1.89,2.06,2.80,3.82,3.31,2.79,1.97,2.76,3.32,3.50,3.98,3.96,2.65,0.79,-0.78,-2.53,-3.00,-2.47,0.49,2.16,1.10,0.51,0.75,0.22,-0.72,-1.72,-2.95,-2.40,-0.08,1.39,4.08,4.81,2.58,4.72,5.30,5.13,4.15,2.94,2.34,2.84,2.53,1.24,-0.79,-2.83,-4.72,-6.32,-7.60,-7.83,-7.10,-4.90,-2.92,-1.25,-0.86,-0.84,0.67,2.48,1.04,0.91,1.18,1.25,1.41,1.58,1.38,1.21,0.70,0.47,0.54
2.42,5.88,4.96,3.99,4.09,4.91,4.80,4.17,3.72,3.22,2.87,2.35,2.06,2.07,2.22,2.40,3.76,3.82,4.07,2.29,0.85,1.02,2.27,2.82,3.41,1.89,1.17,1.27,0.93,-0.78,-3.16,0.07,2.79,2.27,1.93,1.32,0.11,-1.67,-3.15,-2.85,-0.19,0.20,-0.12,2.19,3.19,4.30,4.66,3.63,2.82,2.27,2.02,2.27,2.04,2.02,0.50,-1.29,-2.41,-3.89,-5.19,-6.36,-7.05,-6.36,-4.28,-2.97,-1.98,-1.10,-1.39,-3.18,-1.72,-0.35,-0.11,1.31,2.86,2.82,2.48,1.52,1.25,1.01,0.92,1.06
3.30,5.84,3.70,2.96,3.40,4.72,4.47,4.02,3.63,2.99,2.59,2.31,1.56,0.81,0.44,1.13,2.41,3.11,4.49,1.48,-1.23,0.79,1.38,1.25,1.20,1.41,1.52,1.17,0.68,0.65,-0.28,1.80,3.53,3.34,2.39,0.93,-0.74,-2.33,-3.06,-1.25,-0.05,0.33,0.01,0.25,2.22,3.27,3.14,2.94,2.59,2.16,2.53,3.04,2.77,1.75,0.45,-0.74,-1.67,-2.51,-3.72,-4.89,-5.76,-5.50,-3.60,-2.26,-1.90,-1.65,-2.15,-2.99,-2.45,-1.34,-0.71,0.64,2.45,2.71,2.15,1.89,1.30,1.19,1.25,1.59
3.52,4.73,2.94,2.52,2.43,2.52,3.24,3.41,3.09,2.63,1.29,-0.32,-1.28,-1.51,-1.48,-1.17,-0.25,1.08,1.63,0.60,0.92,2.09,2.26,2.76,2.62,2.66,2.65,1.93,1.80,1.59,3.02,3.47,3.95,3.56,2.01,0.30,-1.42,-2.87,-2.71,-0.16,0.15,-0.07,0.92,1.89,2.46,2.96,3.60,3.76,3.24,2.67,2.77,3.58,3.71,2.80,1.81,0.60,-0.70,-1.45,-2.10,-3.09,-4.12,-4.32,-2.82,-1.34,-1.38,-1.74,-2.09,-2.54,-2.63,-2.03,-1.14,0.22,2.09,3.02,2.86,2.91,2.70,2.44,2.14,2.24
2.54,2.67,2.14,1.84,1.59,0.92,1.18,1.91,1.79,1.08,0.13,-0.67,-1.34,-2.09,-2.04,-1.19,-0.16,2.08,1.18,1.14,1.59,1.08,1.60,2.29,2.83,3.27,2.64,2.18,1.72,3.73,4.63,4.34,4.07,2.83,1.44,-0.19,-2.29,-3.72,-1.67,1.69,1.46,0.18,0.83,3.69,4.00,3.91,3.95,3.54,2.97,2.82,3.33,4.31,4.63,3.77,2.35,1.36,0.49,-0.07,-0.62,-1.61,-2.50,-2.76,-1.68,-0.47,-0.89,-1.94,-2.37,-2.36,-2.10,-2.04,-1.45,0.03,1.85,2.60,3.14,2.96,2.45,1.94,1.84,2.05
2.76,2.17,1.24,1.22,1.41,1.53,1.52,1.44,0.94,0.07,-0.71,-1.34,-1.79,-2.39,-1.57,0.01,0.19,0.85,0.58,1.30,1.26,-0.01,0.33,1.71,2.46,2.20,1.90,1.57,3.04,4.66,4.25,4.37,3.99,3.00,1.49,-0.58,-3.00,-3.54,-0.40,2.84,1.50,1.60,1.07,3.76,3.80,3.73,3.43,2.92,2.33,2.48,3.22,3.90,4.08,3.63,2.66,1.82,1.45,1.28,0.74,-0.14,-0.80,-0.98,-0.54,-0.15,-0.64,-1.04,-1.33,-1.93,-2.03,-1.88,-1.53,-0.47,0.76,0.77,0.77,1.75,1.78,1.50,1.64,2.15
3.90,3.13,0.93,-0.62,0.39,1.36,1.80,1.42,0.38,-0.73,-1.39,-1.69,-1.54,-1.42,-0.64,0.59,1.09,0.47,0.26,0.92,0.14,0.47,-0.70,-1.05,0.37,1.53,2.18,3.93,4.91,3.99,3.93,4.63,4.26,3.44,1.89,-0.58,-2.96,-2.55,-0.75,0.06,0.97,2.07,1.56,3.04,3.49,3.04,2.71,2.35,1.98,1.66,1.53,1.75,2.23,2.40,2.20,1.81,1.81,2.13,2.03,1.57,1.11,0.89,0.71,0.35,-0.22,-0.87,-1.01,-1.00,-1.60,-1.72,-1.43,-0.79,-0.26,0.08,-0.10,0.32,0.74,0.82,1.03,1.08
-0.10,2.91,2.13,0.14,-0.56,0.95,1.87,1.54,0.63,-0.30,-0.95,-1.05,-0.79,-0.49,-0.77,0.51,1.01,0.05,0.60,0.38,0.69,1.47,0.83,-0.94,-0.68,1.45,3.22,6.57,6.73,4.00,3.49,5.62,5.13,4.08,2.46,-0.13,-2.32,-2.06,-0.93,0.09,0.88,1.84,0.87,0.57,1.63,2.42,3.06,3.17,2.64,1.93,1.37,0.98,0.76,0.85,1.16,1.61,2.05,2.65,2.95,2.92,2.77,2.59,2.09,1.14,0.39,-0.10,0.00,0.52,0.04,-0.64,-0.96,-1.06,-0.77,-0.34,-0.00,0.13,0.51,0.30,-0.09,-0.26
-3.54,-1.55,0.00,1.64,0.99,0.71,1.54,1.79,1.24,0.27,-0.19,-0.29,-0.37,-0.45,-0.13,1.97,0.95,-0.63,-0.09,0.57,1.31,1.68,1.72,1.55,0.72,0.95,4.11,7.48,6.25,4.26,4.60,5.90,5.57,4.49,2.89,0.77,-1.20,-2.00,-1.21,-0.22,0.33,0.23,-0.24,-0.21,0.99,2.37,3.06,3.40,3.22,2.90,1.97,0.39,-0.88,-1.17,-0.62,0.09,1.91,3.31,3.62,3.38,3.22,3.17,2.92,1.92,0.78,0.36,0.76,1.22,0.95,0.71,0.39,-0.09,-0.60,-0.80,-0.32,0.53,0.86,0.54,0.29,0.18
-3.37,-3.42,-3.51,-2.81,1.98,1.48,0.45,1.60,1.96,1.12,0.53,0.47,-0.14,-0.89,-0.09,3.48,2.08,0.27,-0.80,-0.84,0.37,1.33,1.07,1.18,0.82,2.32,4.46,4.97,5.62,5.53,4.23,6.00,5.29,4.43,3.15,1.50,0.17,-0.83,-1.22,-0.77,-0.44,-0.45,-0.47,-0.42,0.59,2.14,2.72,3.04,3.19,2.74,1.93,0.95,0.16,-0.23,-0.31,-0.16,0.67,2.14,2.86,2.65,2.60,2.70,3.01,2.69,1.88,1.00,0.75,1.40,1.37,1.13,1.07,1.08,0.70,0.17,0.18,0.87,1.21,1.22,1.07,1.10
-4.09,-4.36,-3.79,-4.00,-0.76,1.89,0.82,0.63,1.88,1.86,0.66,-0.21,0.40,-1.12,-1.19,2.46,2.18,1.30,0.14,-1.09,-1.47,0.19,0.21,-0.24,0.90,1.57,3.81,4.38,3.98,4.03,3.23,2.95,3.12,3.30,3.08,1.62,0.28,-0.28,-0.35,-0.31,-0.31,-1.02,-0.98,-0.77,-0.64,0.56,1.00,0.83,1.05,1.44,1.65,1.42,0.75,0.04,-0.41,-0.24,0.45,1.24,1.84,1.73,1.85,2.06,2.39,3.02,2.82,2.40,2.08,2.37,2.69,2.09,1.42,1.27,1.42,1.26,1.38,1.70,2.06,2.34,2.23,2.21
-2.92,-2.91,-2.87,-2.95,-2.47,-0.04,0.42,1.00,1.41,2.08,0.87,-1.36,0.06,-0.22,-1.90,0.99,2.28,1.64,0.95,-0.66,-1.21,-0.15,0.79,0.09,-0.63,1.25,3.91,4.65,4.49,3.92,3.22,2.75,2.37,1.99,1.45,0.78,-0.67,-1.32,-0.53,0.08,-1.19,-0.57,1.83,0.61,0.13,0.35,0.79,0.79,0.87,1.28,1.37,1.26,1.12,0.81,0.40,0.13,0.10,0.33,0.90,1.24,1.14,1.30,1.43,1.74,2.40,2.75,3.10,3.57,3.81,3.54,2.63,1.73,1.55,1.73,1.95,2.48,2.57,2.52,2.59,2.49
-1.71,-1.25,0.02,1.09,1.50,0.37,-1.37,0.99,1.45,1.36,0.64,-0.04,0.62,0.16,-1.39,-0.44,1.73,2.56,-0.12,-0.85,-0.77,-0.13,1.78,1.07,1.28,0.95,3.24,3.88,5.55,4.39,4.01,3.37,2.64,2.28,2.03,1.29,-0.33,-1.05,-0.42,0.56,0.18,-0.17,4.32,4.10,2.61,2.06,1.79,1.56,1.39,1.34,1.34,1.36,1.41,1.45,1.51,1.47,1.20,0.90,0.84,0.97,0.69,0.08,-0.15,0.27,0.94,1.83,2.98,3.93,4.50,4.61,4.04,3.15,2.38,2.17,2.35,2.82,3.25,2.96,2.93,2.95
-0.54,-1.17,0.37,1.41,2.17,2.11,-0.93,0.38,1.79,1.11,0.34,-0.32,-0.48,0.65,-1.19,-3.21,-0.32,2.45,-0.54,-1.17,-0.04,-0.20,1.71,2.16,2.18,1.41,2.79,4.39,4.83,5.17,4.00,4.40,4.62,3.34,2.87,2.39,1.11,-0.60,-1.00,1.11,3.59,2.96,0.18,4.60,4.36,3.41,2.79,2.40,2.18,1.96,1.75,1.75,1.82,1.80,1.79,1.81,1.61,1.16,0.50,0.10,-0.09,-0.47,-0.79,-0.64,0.17,1.19,2.57,3.78,4.82,5.45,5.42,4.82,4.10,3.54,3.36,3.31,3.56,3.74,3.55,3.48
-1.77,-1.68,0.44,0.41,-0.06,0.50,-0.59,-1.33,-1.37,-1.07,-0.15,0.83,1.78,2.61,2.19,-1.96,-2.24,2.03,0.37,-3.32,-1.43,1.84,2.32,3.05,4.06,2.69,2.92,5.82,5.81,6.46,5.80,6.31,5.81,4.69,4.26,4.38,3.04,1.34,-0.47,-1.45,2.27,4.08,2.07,3.33,4.95,3.83,2.76,2.43,2.17,1.85,1.47,1.17,1.36,2.23,2.74,2.51,2.07,1.30,0.09,-1.00,-1.53,-1.74,-1.81,-1.36,-0.65,0.38,2.06,3.86,5.01,5.80,6.15,6.09,5.80,5.20,4.75,4.68,4.58,4.61,4.52,4.45
-1.94,0.53,1.22,0.03,-1.30,-0.90,-0.26,0.17,0.77,0.77,1.33,1.37,0.50,-0.40,0.81,1.99,1.45,0.25,0.49,-2.38,-2.79,0.61,2.76,3.25,5.78,6.17,5.99,6.93,6.88,6.86,5.21,4.61,5.13,4.61,3.37,3.87,4.24,2.41,0.94,-1.58,-1.66,1.73,3.78,4.33,4.83,3.89,2.12,-0.04,-0.35,0.81,0.62,-0.93,-1.95,-0.91,2.38,4.07,3.07,2.15,0.86,-1.07,-2.60,-3.21,-3.66,-3.16,-1.42,0.60,1.93,2.71,4.12,5.50,6.32,6.39,6.27,5.92,5.58,5.54,5.70,5.52,5.62,5.43
0.70,1.16,0.28,1.53,0.77,0.40,-1.78,-1.01,0.99,1.40,0.74,1.48,0.62,1.07,0.12,0.17,1.18,-2.27,-2.60,-0.62,-2.35,0.26,3.25,3.64,2.33,2.17,5.16,5.72,6.37,4.94,4.66,4.82,5.18,4.56,2.33,2.62,3.88,3.25,1.32,0.82,-1.52,-2.00,1.38,4.19,4.71,4.01,3.27,1.85,-0.36,-1.22,-1.65,-3.30,-4.00,-2.58,-0.91,1.67,1.87,0.50,-1.02,-2.29,-3.74,-4.65,-5.26,-5.79,-5.28,-3.70,-0.10,2.86,3.61,4.12,4.22,5.03,5.80,6.21,5.81,5.88,6.12,5.31,5.07,5.93
-0.21,-0.23,-0.30,1.11,2.70,2.28,0.99,-2.49,-2.38,5.02,5.15,4.56,3.51,2.08,2.06,1.24,-0.11,-0.52,2.04,2.75,1.88,1.03,1.44,0.40,-0.81,-1.94,1.65,4.70,4.62,3.38,2.86,2.89,3.15,5.72,3.57,2.59,3.88,4.01,2.49,1.54,0.45,-1.06,-1.02,2.23,3.66,3.64,3.55,3.08,0.99,-0.20,-1.71,-2.90,-1.72,-0.36,0.31,0.44,-0.36,-0.82,-1.57,-3.34,-4.79,-5.66,-6.34,-7.01,-7.52,-7.51,-6.73,-4.09,0.21,2.81,4.99,5.50,5.05,5.42,5.84,5.46,5.85,5.82,4.56,4.38
-0.08,0.87,1.87,3.96,2.55,1.52,-1.57,-3.77,-5.47,0.49,3.13,3.58,4.88,3.21,3.68,1.77,-1.59,-1.65,2.00,5.33,3.33,-0.31,1.96,0.07,-1.68,-2.36,-0.05,4.30,6.22,4.38,3.41,2.23,1.37,2.92,3.80,2.38,0.56,2.62,2.66,1.35,0.69,-0.37,-1.88,-0.93,2.21,2.84,2.22,2.02,1.78,1.73,1.14,-0.30,-0.48,0.08,0.71,0.80,0.41,-0.33,-1.24,-2.23,-3.83,-4.90,-5.87,-6.36,-7.40,-8.08,-8.72,-8.40,-7.28,-6.22,-3.63,-0.30,0.77,2.88,4.89,5.55,5.28,5.57,4.45,2.86
5.60,5.93,6.42,5.28,3.80,1.08,-1.73,-1.97,-2.00,-1.19,3.63,5.87,7.52,5.34,4.74,5.64,2.92,-1.70,-1.73,5.78,4.88,0.32,5.05,1.57,-2.48,-2.11,-0.33,2.32,4.13,4.35,3.64,2.10,-1.51,-1.30,0.17,1.31,0.70,-0.24,0.45,0.05,-1.24,-1.12,-1.48,-2.10,0.83,1.95,1.32,2.04,3.33,3.18,2.01,-0.24,0.29,0.94,1.12,1.06,0.87,0.17,-1.03,-2.30,-3.56,-4.52,-5.35,-5.48,-6.10,-6.73,-7.34,-7.88,-8.03,-7.91,-7.42,-6.43,-5.61,-5.17,-4.00,1.94,6.29,5.32,2.38,0.88
5.59,5.53,3.66,3.02,1.54,0.66,-0.18,-1.13,-2.43,-2.02,2.40,3.41,4.69,5.88,4.09,6.54,4.48,0.55,-1.52,-0.36,4.39,2.61,4.50,2.89,-1.87,-3.03,-1.69,-0.28,1.17,2.59,2.68,1.57,-2.00,-2.10,-2.54,-1.87,-0.96,-0.49,-0.34,-0.29,-0.65,-0.95,-1.59,-1.94,1.56,4.24,3.90,3.94,4.13,3.74,2.88,0.35,0.37,0.84,0.55,0.28,0.42,0.34,-0.50,-1.71,-2.87,-3.83,-4.91,-5.02,-4.93,-5.40,-6.14,-6.59,-6.65,-6.51,-6.05,-5.16,-4.44,-4.21,-5.04,-5.80,-5.19,-3.76,-3.58,-3.02
2.18,2.43,0.48,0.08,0.48,0.28,-0.16,-0.45,-0.99,-0.72,2.20,4.40,5.20,6.00,3.92,2.62,4.16,2.85,2.01,-1.28,1.16,4.16,4.48,3.92,0.97,-3.52,-3.23,-2.41,-3.14,-3.62,-2.08,-1.96,-2.28,-2.58,-2.20,-2.09,-1.63,-1.05,-0.84,-0.64,-0.47,-0.54,0.81,3.96,5.14,4.99,4.84,3.60,2.29,1.31,1.40,2.20,1.53,0.83,0.12,-0.00,-0.35,0.24,0.23,-0.80,-1.90,-2.81,-4.11,-4.87,-5.03,-5.46,-6.32,-6.83,-6.87,-6.81,-6.62,-5.83,-4.31,-2.24,-0.92,-0.69,-1.24,-1.80,-1.75,-2.49
2.96,3.96,3.68,3.34,3.01,3.04,3.02,2.22,1.06,1.25,2.11,3.64,3.03,3.82,4.96,3.60,1.79,1.50,2.53,-0.27,-0.87,1.91,5.10,-1.33,-4.84,-8.36,-5.05,-5.00,-5.23,-4.39,-2.73,-1.96,-2.64,-3.60,-3.20,-2.71,-2.41,-2.23,-2.28,-2.17,-0.33,2.14,3.16,4.11,4.40,3.18,2.03,0.53,-0.61,-0.58,0.32,1.72,0.82,0.91,0.77,1.09,1.10,-0.13,0.07,-0.78,-1.52,-1.97,-2.85,-3.77,-4.52,-5.10,-5.92,-6.55,-6.78,-6.77,-6.78,-5.67,-3.36,-1.34,-0.40,-0.62,-0.96,-0.86,-0.73,-0.82
