data/2017092506_UV_SFC.json
{"header": { "refTime": "2017-09-25T06:00:00.000Z", "parameterCategory":  2, "parameterNumber":   3, "surfacelType": 104, "surfacelValue":        0.0, "forecastTime":    0, "scanMode": 0, "nx": 101, "ny": 61, "lo1": 80, "la1": 60, "lo2": 180, "la2": 0, "dx": 1, "dy": 1 }, "data":
[rows 0 to 34 of 61, columns 0 to 79 of 101]
6.68,6.62,6.46,5.89,5.30,4.60,3.53,3.77,3.62,3.51,3.17,2.84,2.72,2.83,2.80,2.70,2.22,1.83,1.05,2.52,1.84,0.14,0.42,1.40,2.79,2.68,2.98,2.98,2.35,2.71,-0.06,-2.01,-2.60,-3.38,-2.75,-2.08,-1.10,-1.12,0.65,0.11,-1.47,-2.77,-3.18,-1.50,2.38,3.25,2.19,2.50,3.48,5.28,6.37,5.24,3.45,-0.97,-0.97,-1.23,-0.95,0.17,0.18,0.53,0.54,0.33,1.22,1.87,2.07,2.02,1.93,1.93,2.18,2.53,3.07,3.87,4.27,4.55,4.59,4.60,4.56,4.39,4.24,4.26
7.30,7.67,7.84,6.97,5.65,4.72,4.39,3.87,3.60,3.37,3.82,3.88,3.72,3.46,3.10,2.64,2.06,2.47,2.52,2.55,0.34,0.98,1.71,4.73,4.68,3.24,2.77,2.54,2.44,0.55,-1.64,-2.15,-1.99,-2.15,-3.28,-3.43,-2.73,-2.26,-0.06,-0.26,-1.24,-1.48,-0.90,-1.04,-1.46,1.92,2.49,2.76,2.35,3.84,3.57,4.07,4.31,0.75,-0.08,0.47,1.40,1.72,0.39,-0.12,0.87,0.71,0.01,0.86,2.02,2.57,2.87,2.89,2.70,2.58,2.77,3.35,4.09,4.70,5.06,5.23,5.20,5.29,5.36,5.37
7.43,8.25,8.20,7.27,6.46,5.30,4.54,4.75,4.57,4.28,4.37,4.63,4.53,3.97,3.11,2.45,2.36,1.83,4.45,1.58,0.63,0.51,4.16,3.95,2.34,3.65,3.42,3.08,2.61,-1.26,-3.82,-3.42,-2.46,-2.07,-2.66,-2.69,-2.24,-1.54,-2.11,-1.83,-0.85,-0.16,0.59,-0.12,-1.09,-1.27,2.18,3.12,2.08,3.39,3.20,3.91,4.30,2.58,1.59,2.15,2.59,2.04,0.54,-0.38,-0.55,-0.38,-0.79,0.01,1.49,2.14,2.23,2.60,2.66,2.81,2.96,3.09,3.67,4.11,4.64,5.16,5.25,5.20,5.45,6.16
6.98,8.41,8.80,8.29,7.86,7.21,5.98,4.87,4.28,4.16,4.63,5.12,5.17,4.72,3.71,2.22,1.16,3.39,1.28,-0.98,0.23,3.73,3.08,2.02,2.32,4.34,4.09,3.53,2.98,1.35,-0.08,-1.81,-3.78,-2.89,-2.27,-2.02,-1.52,-0.57,-0.02,0.75,0.25,0.03,0.03,-0.08,0.17,1.07,2.34,3.21,3.40,4.38,4.54,4.39,4.42,3.48,2.86,3.01,2.98,2.84,2.15,-0.01,-0.77,-0.94,-1.42,-0.39,1.06,1.24,0.93,1.13,1.50,2.09,2.79,3.38,3.82,4.01,4.25,4.83,5.15,5.23,5.18,5.90
5.79,7.50,8.80,9.30,8.93,8.28,7.51,6.59,5.38,4.94,5.42,6.39,6.11,5.61,4.62,3.36,3.16,1.20,-1.45,-1.74,2.16,3.19,2.41,2.47,4.43,4.57,4.29,4.00,3.54,2.54,1.06,0.19,-0.21,-1.25,-1.94,-1.21,-1.40,-0.46,2.19,2.86,1.42,0.49,0.04,0.26,1.57,2.77,2.17,2.29,2.63,2.90,3.82,4.77,4.65,4.24,4.03,3.67,3.04,1.99,0.81,-0.29,-1.32,-0.92,-0.64,-0.23,0.44,0.17,0.09,0.14,0.64,1.33,2.12,2.96,4.09,4.40,4.18,3.88,3.71,3.57,4.78,5.08
4.34,5.06,6.66,8.19,8.70,9.19,9.59,8.89,7.65,6.91,6.37,6.30,6.72,6.18,5.56,5.90,2.01,-1.98,-0.12,1.32,2.50,2.13,1.95,1.13,4.26,4.27,4.20,4.34,3.64,2.73,1.77,0.80,0.44,0.64,-0.60,-1.01,-1.54,-0.89,0.08,1.35,1.17,1.86,2.81,2.52,2.96,3.76,4.99,5.46,4.37,2.96,3.34,4.66,5.22,5.11,4.77,4.11,3.09,1.89,0.63,-0.99,-2.26,-3.19,-3.10,-1.96,-1.76,-1.42,-0.87,-0.28,0.20,1.24,2.06,2.63,3.00,3.38,3.32,2.92,2.90,3.26,3.60,3.26
2.27,4.47,6.95,6.97,8.03,8.64,8.51,9.17,9.44,8.78,7.58,6.78,6.49,6.23,6.09,5.52,-0.39,0.95,2.39,1.53,2.22,1.16,-0.27,-0.55,2.59,3.17,3.55,4.20,4.29,3.52,2.47,1.49,0.78,0.74,1.15,0.93,-0.56,-2.42,-4.54,-5.09,-2.55,-1.46,1.92,3.75,4.27,3.49,6.67,6.26,5.24,4.48,4.26,4.94,5.64,5.49,5.08,4.46,3.25,1.85,0.14,-1.75,-3.32,-4.62,-5.18,-4.86,-3.80,-2.79,-1.91,-0.83,0.16,0.86,1.20,1.51,1.49,1.95,2.50,2.43,2.47,2.42,2.12,2.11
2.19,1.37,4.39,7.17,7.51,8.15,8.77,8.76,9.41,9.47,8.65,7.70,6.70,5.85,5.65,5.88,4.71,4.49,3.78,2.59,2.81,1.00,0.33,0.96,0.94,1.54,2.72,3.75,4.07,3.43,2.64,1.92,1.37,1.36,1.82,1.67,0.71,-2.72,-5.36,-4.26,-3.78,-3.78,-1.89,2.27,2.02,0.93,3.01,5.25,5.16,5.42,5.31,5.61,5.84,5.60,5.15,4.74,3.69,2.27,0.92,-0.70,-3.05,-4.23,-4.81,-4.79,-4.27,-3.73,-2.97,-1.84,-0.94,-0.85,-0.41,0.07,0.57,0.80,0.96,1.16,1.25,1.41,1.45,1.65
2.99,1.07,1.76,4.79,5.88,6.79,8.02,8.70,9.16,9.13,8.80,8.30,7.59,6.54,5.27,5.51,5.80,5.48,5.02,3.53,2.75,4.02,4.00,2.56,0.33,-0.01,1.51,2.74,3.01,2.50,2.00,1.70,1.65,1.82,2.59,2.41,1.13,-0.94,-2.28,-3.07,-3.46,-2.86,-3.07,-0.02,2.51,2.00,1.47,4.33,5.72,6.56,6.15,6.10,6.09,5.78,5.12,4.73,4.07,2.82,1.18,-0.71,-2.92,-4.45,-4.90,-4.75,-4.15,-3.41,-2.99,-2.46,-1.93,-1.27,-0.64,-0.13,0.20,0.50,0.48,0.41,0.51,0.65,1.14,1.69
2.91,1.82,2.59,4.13,4.63,5.35,6.39,7.05,8.24,8.51,8.59,7.88,6.67,5.90,5.40,4.94,5.10,5.33,6.32,3.72,4.04,6.33,5.86,3.95,2.64,1.79,2.19,2.77,2.48,1.71,1.13,1.27,1.78,2.25,2.96,3.04,2.00,0.28,-1.39,-0.82,-2.47,-2.53,-1.83,0.47,2.24,1.73,1.88,3.91,6.15,7.43,6.94,6.71,6.39,5.93,5.35,4.72,4.04,3.01,1.60,-0.24,-2.12,-3.91,-5.22,-5.08,-4.53,-3.83,-2.72,-2.46,-1.98,-1.27,-0.38,0.50,0.53,0.11,0.14,0.25,0.61,0.72,0.83,0.96
1.55,0.93,2.70,4.03,4.59,4.75,4.50,4.90,5.59,6.00,6.08,6.20,5.01,4.26,4.22,4.43,4.52,4.28,5.09,2.97,6.23,7.19,7.11,5.82,4.40,3.77,3.46,3.45,3.30,2.26,1.43,1.77,2.51,3.27,3.50,3.09,1.68,0.59,-1.38,-3.47,-3.03,-2.83,-1.19,0.58,2.10,2.86,0.11,2.12,6.82,8.17,7.74,7.21,6.43,5.79,5.20,4.45,3.80,2.97,1.80,0.19,-1.30,-2.82,-4.19,-4.83,-4.73,-3.94,-3.02,-2.55,-1.88,-1.38,-1.12,-0.11,0.55,0.12,-0.44,0.01,0.89,1.13,1.00,1.06
-0.52,-0.47,0.28,1.86,4.30,4.59,3.94,3.51,3.59,3.76,4.17,4.50,4.29,3.73,3.70,4.01,4.37,3.84,2.93,1.71,5.69,7.51,8.56,6.18,3.32,4.13,3.91,1.96,2.11,4.68,3.76,3.75,4.08,4.51,4.21,3.25,1.64,0.21,-0.82,-2.79,-3.63,-2.92,-3.04,-1.87,0.08,1.43,1.55,1.62,6.78,8.35,7.82,6.97,6.21,5.62,4.63,3.72,3.44,3.06,1.93,0.37,-1.04,-2.31,-3.17,-4.46,-5.01,-3.93,-3.22,-2.33,-1.51,-1.06,-1.28,-1.38,-0.70,-0.63,-0.88,-0.19,0.86,0.82,0.72,1.05
-0.68,0.11,0.01,0.98,3.01,4.63,4.46,3.60,2.95,2.67,3.07,3.91,3.49,2.53,2.35,2.17,2.96,4.00,3.68,2.67,5.22,7.11,7.38,6.32,4.85,3.71,2.77,2.99,2.88,2.68,5.13,5.46,5.55,5.42,4.57,2.98,1.42,0.36,-0.39,-1.96,-4.23,-2.54,-3.92,-1.91,1.50,0.77,3.10,3.25,6.59,7.66,6.85,6.27,6.00,5.41,4.53,3.48,2.93,2.64,1.53,-0.14,-1.29,-1.90,-2.41,-3.49,-4.74,-4.37,-3.29,-2.09,-1.17,-0.73,-0.88,-1.39,-1.66,-2.07,-2.25,-1.46,-0.20,0.43,0.70,1.19
-2.01,2.69,2.12,2.32,2.81,4.09,4.71,3.86,2.64,1.95,2.09,3.05,2.97,1.90,0.40,-0.31,1.57,2.98,3.63,1.82,1.65,2.36,4.05,4.68,5.21,2.85,2.60,2.75,1.02,0.46,2.23,4.44,6.03,5.66,4.50,2.75,1.60,0.96,-0.11,-2.20,-4.84,-2.71,-2.31,0.57,1.88,3.82,4.89,5.54,6.25,6.22,5.86,5.58,5.22,5.13,5.04,4.48,2.88,1.40,0.33,-0.82,-1.36,-1.41,-2.05,-3.56,-4.30,-2.87,-1.45,-0.98,-1.17,-1.34,-1.31,-1.51,-2.00,-2.44,-2.48,-2.02,-1.15,-0.09,0.51,0.98
-3.08,2.32,3.21,2.07,2.82,3.76,4.47,3.62,1.58,0.20,0.26,1.02,1.20,0.05,-0.12,2.02,3.23,3.37,5.25,2.72,2.71,2.65,1.90,1.88,1.61,1.94,2.46,2.07,1.29,1.24,2.08,3.52,5.55,5.80,4.83,3.39,2.44,1.52,-0.31,-2.50,-3.88,-3.51,-5.19,-2.96,1.06,5.22,5.89,5.51,4.63,4.29,4.12,4.05,5.17,5.79,5.40,4.85,3.39,1.24,0.19,-0.06,-0.80,-1.15,-1.89,-3.22,-3.88,-2.47,-0.24,-0.17,-0.96,-1.25,-1.10,-1.25,-1.62,-1.79,-1.83,-1.93,-1.94,-1.63,-0.73,0.34
-3.51,-0.17,0.59,-0.02,0.51,1.00,1.40,1.16,-0.05,-1.05,-1.56,-1.89,-2.22,-2.44,-1.61,-1.31,0.51,3.39,2.86,1.46,1.16,0.66,-0.42,-0.69,-0.72,0.30,1.70,1.90,0.51,0.04,2.91,3.99,5.41,6.03,5.47,4.29,2.94,1.30,-1.08,-3.38,-3.61,-2.31,-5.16,-3.31,0.28,5.17,5.98,5.35,4.79,4.28,3.68,3.70,5.08,5.92,5.91,4.96,4.36,3.41,2.58,1.80,0.43,-0.72,-1.67,-3.09,-3.26,-2.19,-0.41,0.20,-0.51,-0.57,-0.48,-0.85,-1.20,-1.38,-1.51,-1.65,-1.64,-1.57,-0.75,0.16
-3.46,-0.73,-0.25,-1.03,-0.31,0.44,0.76,0.44,-0.08,-0.37,-1.03,-2.00,-2.45,-1.93,-1.17,0.78,1.65,1.80,1.00,-0.18,0.75,0.69,-0.58,-2.12,-2.55,-1.27,-0.13,-0.04,-1.95,-1.34,2.96,4.33,5.73,6.09,5.48,4.40,2.82,0.63,-1.88,-4.30,-4.52,-1.15,-2.88,-3.39,-1.48,2.16,4.52,5.53,5.52,4.88,3.65,3.36,4.43,5.44,5.91,5.78,5.67,4.88,3.81,2.99,2.14,0.71,-0.57,-2.51,-2.67,-1.17,-0.47,0.01,0.37,0.26,-0.39,-1.05,-1.41,-1.66,-1.60,-1.23,-0.78,-0.45,-0.03,0.49
-3.19,-2.58,-0.86,0.54,0.38,1.16,1.38,0.34,-0.30,-0.40,-0.91,-2.14,-2.67,-1.88,-1.33,-0.15,0.99,2.28,1.02,0.23,0.19,0.47,-0.19,-1.26,-1.56,-0.71,0.47,0.06,-1.57,0.35,3.30,4.41,5.21,5.31,4.98,4.20,2.72,0.58,-1.95,-4.75,-5.81,-1.86,-2.01,-2.51,-1.27,0.46,2.95,4.71,5.82,6.27,5.93,4.89,4.21,4.49,4.75,5.08,5.10,5.18,4.79,4.05,3.01,1.79,0.41,-1.54,-1.87,-1.38,-1.04,-0.14,0.20,-0.09,-0.61,-1.14,-1.51,-1.73,-1.62,-1.14,-0.73,-0.42,-0.38,-0.31
-3.16,-2.99,-2.20,-1.12,1.59,2.26,2.37,1.49,0.14,-0.75,-1.52,-3.05,-4.40,-3.73,-0.86,0.29,1.08,1.14,0.15,0.29,0.31,0.35,1.25,1.19,0.80,1.01,1.85,2.07,1.87,2.82,5.26,5.12,4.84,4.57,4.50,4.16,2.89,1.07,-2.00,-5.07,-6.91,-1.66,-1.81,-1.23,-0.80,-0.10,1.83,4.11,5.54,6.53,6.81,5.80,4.52,4.00,3.95,3.73,3.77,4.10,4.81,4.51,3.43,2.39,0.81,-0.36,-0.88,-0.96,-0.82,-0.72,-0.63,-0.42,-0.47,-0.80,-0.99,-1.14,-1.21,-1.07,-0.60,-0.36,-0.92,-1.59
-3.29,-3.00,-2.92,-2.25,-1.45,0.85,1.86,1.85,0.60,-0.58,-1.42,-2.29,-3.84,-3.90,-0.47,0.65,0.52,0.25,0.89,1.89,1.46,1.05,1.82,2.27,2.21,2.04,2.16,3.14,5.35,6.26,7.54,7.74,5.21,4.45,4.50,4.21,3.30,1.25,-1.97,-3.29,-4.35,-3.32,-2.14,-1.49,-1.08,-0.45,0.54,1.86,3.76,5.36,5.99,5.21,3.88,3.05,2.57,2.54,3.27,4.29,5.04,4.91,4.13,2.77,1.63,1.08,0.09,-1.04,-1.11,-0.88,-0.65,-0.92,-0.62,-0.57,-0.70,-0.78,-0.66,-0.30,-0.05,0.06,-0.34,-1.08
-3.15,-3.25,-3.02,-2.82,-2.49,-1.77,0.83,2.15,1.09,-0.26,-1.10,-1.59,-1.53,-0.03,1.29,1.56,0.70,1.11,0.38,1.20,2.08,1.60,1.26,1.49,1.87,1.71,-0.03,1.05,7.46,9.88,8.10,8.82,6.10,4.79,4.66,4.40,3.57,1.56,-0.73,-0.89,-1.81,-3.45,-3.00,-1.98,-1.36,-0.48,-0.02,0.51,2.10,3.35,4.06,3.72,2.79,1.76,0.88,1.41,3.19,4.54,4.94,4.29,3.58,3.04,2.13,1.42,0.28,-0.60,-0.66,-0.60,-0.51,-0.67,-0.68,-0.42,-0.42,-0.45,-0.45,-0.02,0.48,0.55,0.14,-0.41
-3.08,-3.23,-3.56,-3.08,-2.52,-1.34,0.45,3.54,2.26,0.49,-0.74,-1.61,-0.88,0.76,1.33,1.53,0.24,-0.01,0.42,0.58,1.98,1.83,1.81,1.65,1.40,-0.90,-3.49,-3.03,5.96,11.44,8.81,8.72,6.42,5.31,5.06,4.94,4.33,2.55,1.16,1.22,0.08,-1.86,-2.89,-2.53,-2.38,-1.82,-0.63,-0.14,0.17,0.37,0.71,1.34,1.44,1.12,0.49,1.08,2.74,4.28,4.66,4.53,4.20,3.21,1.80,0.72,0.23,0.05,0.46,0.25,-0.01,-0.14,-0.27,-0.18,0.03,0.23,0.19,-0.16,-0.08,0.44,0.26,-0.37
-2.96,-2.35,-2.11,-2.73,-2.32,-1.63,-0.65,1.01,2.15,1.34,0.16,-0.65,-1.18,0.11,0.55,1.11,-0.09,-1.22,-0.88,0.01,0.75,1.30,0.98,0.81,0.61,0.38,-2.10,-2.64,1.96,6.10,6.63,6.88,6.42,6.48,5.70,5.07,4.57,3.12,2.41,2.75,2.71,2.21,0.04,-1.17,-1.54,-2.25,-1.97,-0.94,-0.14,0.27,0.30,0.22,0.16,0.08,-0.08,0.15,1.09,2.68,3.99,4.45,4.00,2.92,2.00,1.12,0.36,0.28,0.93,1.19,0.91,0.33,-0.14,-0.35,-0.15,0.28,0.54,0.33,-0.26,-0.32,0.15,-0.13
-3.09,-2.93,-2.67,-2.57,-1.63,-0.80,-0.11,0.38,1.82,1.61,0.10,-0.57,-1.72,-0.55,1.24,1.37,-0.28,-1.09,-1.26,-1.76,-0.82,0.42,-0.06,-0.15,0.58,0.86,-0.49,-0.05,2.20,4.23,5.18,5.86,5.43,6.46,5.92,6.05,5.55,4.31,2.91,2.73,1.39,2.97,3.66,0.92,0.04,-0.33,-0.84,-1.10,-0.90,0.07,0.85,1.20,1.11,0.81,0.25,-0.20,-0.05,1.15,2.80,3.88,3.93,3.31,2.79,2.16,1.16,0.55,0.16,0.18,0.07,0.10,-0.15,-0.39,-0.22,0.31,0.83,1.07,0.83,0.33,0.24,0.12
-3.17,-3.33,-2.53,-1.65,-1.41,-1.15,-0.35,0.33,0.33,1.40,0.93,0.07,-0.30,-0.67,0.37,1.51,0.47,-1.50,-0.39,-0.22,0.04,1.00,0.12,-0.59,-0.88,-0.48,0.90,1.70,2.92,4.77,5.65,6.16,5.78,5.61,5.31,5.08,5.20,4.70,5.64,3.87,-0.63,1.22,4.57,2.74,1.51,1.34,1.20,0.79,-0.06,-0.31,0.26,0.78,1.08,1.21,1.16,0.98,0.88,1.09,1.69,3.15,3.87,3.19,2.82,2.90,2.35,1.68,1.00,0.22,-0.30,-0.59,-0.63,-0.47,-0.11,0.44,0.99,1.28,1.40,1.31,1.13,0.79
-3.50,-2.97,-1.75,-0.91,-0.20,0.15,-0.17,0.30,0.30,-0.35,0.46,1.00,0.98,0.17,0.73,1.64,0.27,-0.75,-1.45,0.89,1.82,2.62,2.30,1.66,2.22,2.38,1.88,2.37,3.44,4.48,4.23,5.93,6.64,5.95,5.48,5.05,4.65,4.16,4.51,6.00,3.82,-1.20,0.20,2.00,2.07,2.20,2.33,2.13,1.78,1.56,1.69,1.66,1.30,0.78,0.48,0.57,0.89,1.37,1.68,1.71,2.28,3.19,3.11,3.09,3.01,2.61,2.28,1.70,0.74,-0.19,-0.74,-0.68,-0.22,0.35,0.83,1.11,1.14,1.15,1.54,1.71
-4.02,-2.19,-0.57,-0.08,0.38,0.71,0.78,0.67,0.39,0.91,0.82,0.03,-0.87,-1.48,-2.16,-0.93,-0.09,-0.93,-1.46,-0.22,4.07,4.13,3.18,2.54,3.85,4.22,3.72,3.64,4.06,4.58,4.52,5.35,5.39,4.60,5.48,6.23,4.87,3.29,2.79,3.50,7.83,4.71,1.19,1.01,2.50,3.05,2.95,2.32,1.77,1.88,2.49,2.94,2.54,1.73,0.62,-0.22,-0.58,-0.60,-0.15,0.74,2.02,3.47,4.38,4.56,3.92,3.23,2.80,2.61,2.10,1.21,0.37,0.28,0.44,0.26,0.22,0.72,1.37,1.22,1.13,1.55
-3.00,-0.93,0.29,0.69,1.24,1.88,2.74,3.30,3.39,3.83,4.12,4.08,3.36,2.08,-0.45,-2.12,-2.00,-0.00,-0.25,-1.44,1.46,5.76,4.91,3.80,4.21,5.51,5.77,5.60,4.79,4.36,3.45,3.65,3.95,4.14,3.38,4.53,4.62,3.65,3.32,1.92,4.69,8.37,5.22,2.93,2.80,3.51,3.60,2.26,-0.09,-0.42,0.74,2.06,2.81,2.29,0.64,-0.48,-0.98,-1.08,-0.83,-0.08,0.94,2.28,3.79,4.92,5.31,4.60,3.66,3.01,2.51,1.75,0.72,0.34,1.12,1.15,0.53,0.04,0.64,1.80,1.68,1.37
-0.63,1.07,2.63,3.98,3.33,2.75,2.54,3.01,5.29,6.09,6.88,6.09,4.83,3.20,1.78,0.56,0.54,1.18,2.46,1.61,0.65,5.44,5.25,2.71,-0.78,-1.37,2.82,4.77,5.91,4.97,3.84,4.06,4.55,3.99,2.57,3.66,4.41,2.85,1.78,2.17,0.09,4.70,6.35,4.13,3.11,3.69,3.38,1.25,-1.24,-0.97,-0.18,0.86,1.45,1.03,-0.24,-1.55,-1.98,-1.93,-1.51,-0.43,1.01,1.76,2.66,3.86,5.35,5.80,5.02,3.79,2.61,1.53,0.60,0.37,0.26,0.22,0.44,0.49,0.43,1.52,2.70,2.63
2.54,3.33,3.25,4.90,6.14,5.66,5.04,2.84,3.78,3.12,3.89,5.43,5.35,6.18,4.05,2.85,1.02,2.20,2.78,2.92,2.01,3.71,4.00,-0.17,-2.43,-3.91,-4.19,-0.21,4.31,4.40,3.64,3.30,3.15,4.26,3.27,3.42,4.15,3.43,2.23,1.49,0.60,-1.57,2.37,4.58,3.11,3.19,3.09,2.25,1.69,1.23,0.64,0.29,-0.54,-1.91,-2.75,-3.64,-4.10,-4.35,-4.63,-4.26,-2.35,-0.18,2.44,4.14,5.14,5.98,6.29,4.82,2.98,1.64,0.73,-0.02,-0.74,-1.64,-1.93,-1.24,-0.63,1.03,2.63,3.41
3.63,4.89,7.01,5.46,3.90,3.14,2.83,3.23,5.32,6.54,6.03,6.26,5.68,6.06,5.17,3.11,1.61,2.64,4.52,3.80,2.31,1.34,1.61,-0.23,-1.17,-2.62,-3.01,-1.55,3.22,5.13,4.65,4.26,2.69,2.83,1.77,0.36,1.92,3.12,2.08,0.68,0.29,0.17,0.99,3.32,2.77,3.60,4.12,4.31,3.52,2.18,1.26,-0.26,-0.62,-1.39,-2.16,-3.02,-3.95,-4.82,-6.04,-6.88,-6.62,-5.45,-2.78,-0.36,1.81,3.30,5.99,6.81,3.89,1.75,-0.37,-1.76,-2.39,-2.79,-3.08,-3.19,-2.99,-2.21,0.16,1.80
8.93,8.91,8.54,6.47,3.73,0.92,0.31,1.76,2.31,3.63,3.58,3.66,4.93,6.15,8.00,8.15,4.25,1.90,5.81,6.84,4.39,2.84,5.42,3.48,1.00,-1.25,-2.06,-1.41,1.75,4.26,3.36,1.77,-1.31,-0.39,0.40,0.30,0.38,1.65,2.21,1.45,1.70,0.99,1.01,2.37,3.94,4.21,4.01,2.77,1.83,1.47,1.40,-0.12,-1.04,-0.56,-0.75,-1.70,-3.07,-4.07,-4.99,-5.66,-6.00,-6.04,-6.03,-6.60,-7.17,-6.91,-4.53,-2.01,-1.94,-2.51,-3.43,-3.74,-4.16,-4.28,-4.21,-4.05,-3.77,-3.30,-2.31,-0.66
8.12,7.52,6.15,4.82,3.59,2.61,1.95,1.81,1.21,1.03,1.46,2.39,3.76,4.79,6.01,7.67,4.69,1.32,1.45,5.72,7.45,5.52,7.22,5.79,2.16,0.55,-1.21,-0.63,1.74,2.92,0.71,-1.36,-4.21,-3.50,-3.04,-2.90,-2.90,-2.45,-0.18,2.50,3.81,3.66,5.20,6.03,5.22,4.16,3.08,2.03,1.35,0.80,0.54,0.51,-0.91,-0.32,-0.10,-0.74,-1.89,-2.57,-2.82,-2.67,-2.73,-2.83,-2.85,-2.98,-3.86,-5.03,-6.39,-6.85,-6.19,-5.74,-6.56,-7.07,-6.78,-6.63,-6.39,-6.20,-5.90,-5.14,-3.74,-1.83
6.78,6.15,5.68,5.26,5.01,4.61,4.00,3.45,3.00,2.70,2.74,3.28,3.78,4.42,3.95,4.72,5.89,4.67,2.76,2.76,4.31,3.76,6.35,6.93,4.57,0.92,-1.10,0.09,1.64,1.56,0.37,-1.29,-3.12,-3.96,-3.96,-3.69,-3.28,-2.86,-1.28,1.39,3.27,6.99,7.14,6.31,5.15,4.04,3.15,1.28,-0.15,-1.00,-0.60,0.43,0.74,1.89,1.81,0.82,-0.49,-1.60,-1.03,-0.46,-0.80,-1.39,-1.84,-1.77,-1.49,-1.43,-1.38,-1.43,-2.69,-4.22,-5.74,-7.37,-8.12,-7.78,-7.45,-7.70,-7.91,-7.55,-6.12,-3.64
7.02,7.17,6.97,6.72,6.21,6.26,5.49,5.26,5.40,5.26,4.06,3.67,2.93,1.99,2.27,2.21,2.32,4.07,3.83,3.97,3.39,1.79,1.74,1.94,2.39,2.32,0.98,-0.41,-1.86,-2.02,0.14,-0.70,-2.60,-4.36,-4.56,-4.48,-4.09,-3.71,-3.31,-0.82,3.02,6.24,5.86,5.33,4.61,4.04,4.33,3.65,1.14,-1.77,-3.39,-1.04,0.91,0.11,-0.18,-0.07,1.35,1.11,0.75,0.46,0.48,-0.07,-1.31,-2.02,-1.80,-1.26,-0.34,0.17,-0.37,-1.59,-2.95,-4.03,-5.10,-5.99,-6.92,-8.41,-9.43,-9.71,-8.73,-6.72
