data/2017092512_UV_SFC.json
{"header": { "refTime": "2017-09-25T06:00:00.000Z", "parameterCategory":  2, "parameterNumber":   2, "surfacelType": 104, "surfacelValue":        0.0, "forecastTime":    6, "scanMode": 0, "nx": 101, "ny": 61, "lo1": 80, "la1": 60, "lo2": 180, "la2": 0, "dx": 1, "dy": 1 }, "data":
[rows 0 to 34 of 61, columns 0 to 78 of 101]
1.53,1.17,0.93,1.38,2.58,3.99,4.90,3.61,2.09,1.40,1.24,0.22,-0.53,-1.43,-1.23,-1.70,-2.07,-0.01,2.55,2.90,2.00,-2.08,-3.00,-5.40,-4.51,-4.10,-3.88,-2.11,0.51,3.53,3.46,1.42,0.09,1.02,-1.73,-4.09,-3.88,-2.81,-3.63,-2.70,-2.47,-1.89,-1.22,-1.82,-1.70,0.02,-0.38,-0.93,-0.16,0.56,0.50,0.15,0.91,1.42,2.10,2.43,2.02,0.73,-0.89,-2.47,-2.47,-1.34,-1.13,-1.77,-2.71,-3.18,-4.42,-4.64,-4.39,-5.96,-7.50,-8.02,-7.62,-7.29,-7.25,-7.31,-7.18,-6.96,-6.89
2.64,2.37,2.25,2.62,3.43,4.72,5.91,4.13,3.30,2.75,2.45,0.91,0.10,-0.12,-0.15,-1.01,-1.11,1.41,2.31,2.97,1.17,-2.99,-3.61,-3.75,-3.33,-3.90,-3.58,-1.93,0.81,3.06,0.73,1.29,0.92,-0.67,-0.67,-2.35,-3.05,-2.70,-2.76,-3.08,-3.38,-1.72,-0.64,-0.16,-0.14,0.30,-0.01,-0.58,0.32,0.08,-0.18,0.22,1.49,2.57,2.52,2.37,2.42,1.68,0.67,-0.02,-0.54,-0.33,-0.07,-0.62,-2.09,-3.45,-4.23,-3.86,-3.81,-5.65,-6.39,-7.30,-7.45,-7.05,-6.94,-7.07,-7.00,-6.88,-6.74
3.50,3.58,3.48,3.71,4.24,5.34,6.67,6.05,4.77,4.25,3.77,2.28,1.44,0.98,0.79,0.43,0.72,2.25,3.26,3.13,0.69,-2.75,-3.47,-0.78,-3.60,-4.35,-3.52,-2.08,-0.00,0.40,-0.88,0.96,1.10,-0.26,-1.45,-0.37,-2.06,-2.66,-3.62,-3.65,-3.21,-1.36,-0.41,0.69,1.35,1.26,0.34,-0.96,-0.14,-2.73,-0.91,0.97,2.72,3.72,3.33,2.82,2.99,2.66,1.92,1.72,1.43,0.25,-0.57,-0.83,-1.86,-3.36,-4.13,-3.59,-3.79,-4.87,-5.42,-6.24,-6.66,-6.19,-6.25,-6.39,-6.55,-6.76,-6.67
3.98,4.45,4.62,4.87,5.05,5.59,7.19,7.61,6.55,5.06,4.88,4.37,3.46,2.08,1.58,1.84,2.23,2.57,2.29,2.10,-0.49,0.54,-2.22,-2.33,-5.68,-4.29,-3.21,-2.09,-0.82,-1.00,-0.75,-0.04,-0.41,0.38,-0.04,-0.09,-1.95,-2.60,-4.17,-3.66,-2.45,-1.42,-0.15,1.14,1.65,2.03,0.68,-1.23,-0.42,-2.00,-0.92,0.94,2.73,3.77,3.48,2.60,3.37,3.67,2.47,2.26,1.72,-0.10,-1.10,-1.11,-1.62,-3.17,-4.34,-4.05,-3.93,-4.47,-5.20,-5.79,-5.72,-5.63,-5.50,-5.65,-5.48,-5.65,-5.98
4.53,5.04,5.62,5.95,6.12,6.30,7.45,8.68,8.16,5.79,6.06,6.08,5.21,3.64,2.65,2.16,1.96,2.56,0.27,-0.54,0.55,1.77,-2.88,-2.09,-4.53,-3.73,-2.42,-1.25,-0.13,-1.05,-0.43,-0.13,-0.05,0.78,1.28,0.64,-0.65,-2.43,-3.35,-2.69,-1.70,-0.79,0.93,1.97,2.45,2.62,0.81,-0.50,0.18,-0.61,-0.79,0.50,1.89,3.17,3.07,2.32,3.38,3.54,2.78,2.59,1.04,-0.79,-1.15,-0.51,-1.59,-3.44,-4.36,-4.37,-4.25,-4.77,-5.02,-5.64,-5.56,-5.55,-5.38,-5.52,-5.16,-4.95,-4.69
5.43,6.12,6.51,6.97,7.06,7.04,8.06,9.36,8.53,7.98,7.79,7.24,6.50,5.55,4.43,2.97,1.90,0.79,-0.73,0.02,2.00,1.97,-2.27,-2.04,-3.74,-3.01,-1.50,-0.31,0.41,-0.25,0.27,0.58,0.97,1.43,1.19,-0.27,0.53,-2.23,-2.42,-1.83,0.05,2.35,2.82,2.48,2.53,2.78,1.63,0.49,0.35,-0.83,-0.74,0.43,1.52,2.71,2.69,2.49,2.56,3.09,2.99,2.61,0.27,-1.11,-1.61,-1.21,-1.90,-4.08,-4.84,-4.32,-4.94,-5.06,-4.76,-5.49,-5.64,-5.52,-5.58,-5.88,-5.69,-4.85,-4.24
5.79,6.58,7.93,8.00,7.61,8.27,9.20,9.60,9.23,9.65,9.19,8.37,7.87,7.17,6.77,6.82,4.45,1.10,0.43,1.10,3.88,0.81,-2.92,-4.42,-4.03,-2.72,-1.19,0.09,0.81,0.91,1.25,1.69,2.30,2.29,1.68,0.26,0.47,-0.69,-1.45,-0.57,-0.07,2.95,3.66,1.81,1.21,2.33,2.19,1.07,0.60,-1.54,-1.19,0.35,1.40,2.27,2.31,2.41,2.90,2.79,3.05,3.23,0.80,-2.67,-2.99,-2.45,-3.26,-4.90,-5.29,-4.99,-5.53,-5.14,-4.55,-5.01,-5.51,-5.38,-5.57,-6.12,-6.03,-5.38,-4.42
4.84,3.85,3.60,7.50,8.02,8.68,9.88,10.42,10.24,9.98,9.87,9.47,9.31,9.11,8.46,7.99,7.24,5.16,3.96,3.81,4.37,-2.20,-5.36,-5.02,-4.51,-3.22,-1.25,0.51,1.54,1.93,2.29,2.74,3.23,2.83,2.52,1.80,1.40,1.38,0.82,0.16,0.23,2.13,2.56,-0.09,0.55,1.94,0.26,1.17,0.24,-1.67,-1.14,0.30,1.21,1.79,1.89,1.95,2.98,3.47,2.71,2.33,0.54,-3.29,-5.16,-4.34,-4.62,-5.31,-5.99,-5.43,-5.71,-5.30,-4.67,-4.63,-5.15,-5.13,-5.16,-5.48,-5.78,-5.62,-4.85
6.87,4.23,0.67,3.64,6.26,8.34,10.18,11.05,11.02,10.99,10.98,10.36,10.07,9.89,9.83,8.32,7.86,7.26,6.89,4.76,4.89,-0.65,-2.66,-3.20,-3.67,-2.33,0.13,2.17,3.22,3.31,3.52,3.80,3.93,3.16,2.99,2.96,1.92,1.05,0.29,1.02,1.34,1.98,1.98,0.40,0.97,1.04,0.23,-0.44,-0.34,-1.13,-0.73,0.14,0.79,1.27,1.32,1.39,2.08,2.72,2.11,1.04,-0.27,-2.42,-4.44,-5.01,-5.03,-5.63,-6.32,-5.99,-5.83,-5.49,-5.09,-4.90,-5.05,-4.95,-4.85,-4.94,-5.30,-5.61,-5.40
6.24,6.64,1.58,2.59,5.23,7.89,9.57,10.92,12.19,12.32,12.16,11.79,10.89,10.53,10.05,9.14,8.78,9.01,8.65,4.59,6.77,4.29,1.70,0.84,-0.44,0.26,2.90,5.13,6.09,5.83,5.38,5.13,5.12,3.89,3.09,3.43,2.61,0.62,-0.45,1.19,2.96,2.77,1.85,2.36,1.86,0.60,-1.15,-1.71,-1.16,-0.84,-0.62,-0.31,0.02,0.65,0.38,0.57,1.28,1.53,1.46,0.50,-0.74,-1.87,-3.93,-4.79,-4.54,-5.61,-6.20,-6.18,-6.61,-6.03,-5.17,-5.00,-4.81,-4.65,-4.73,-4.75,-5.04,-5.20,-5.42
3.41,5.27,4.95,5.80,7.28,8.51,9.28,10.24,11.14,11.80,11.92,12.80,12.31,11.98,11.19,10.14,9.42,10.08,10.49,5.58,8.89,6.52,3.11,3.54,3.41,2.60,3.85,6.23,8.24,8.65,7.68,6.91,6.54,4.53,2.98,3.48,2.62,0.81,-0.92,0.35,3.14,3.45,2.06,1.71,1.32,0.26,-1.74,-2.15,-1.41,-1.01,-0.96,-0.96,-0.79,-0.18,-0.92,-0.58,0.58,0.99,1.03,-0.09,-0.90,-1.24,-2.73,-3.68,-3.91,-4.88,-6.30,-6.66,-7.20,-6.67,-5.15,-4.93,-4.71,-4.09,-4.31,-5.01,-4.99,-5.17,-5.43
1.14,2.63,4.55,6.04,7.16,8.34,9.43,9.68,9.82,9.41,9.46,10.10,10.23,10.15,10.40,10.12,10.12,10.38,11.16,5.18,8.23,5.77,4.30,2.68,3.08,3.32,5.04,4.35,6.69,9.50,8.72,7.83,7.06,4.41,2.78,2.81,1.30,0.20,-0.48,-0.24,2.74,2.99,1.12,-0.31,-1.90,-2.57,-3.15,-2.83,-1.68,-1.15,-1.29,-1.57,-1.43,-1.55,-1.79,-1.43,-0.39,0.48,0.42,-0.39,-0.81,-0.76,-1.62,-3.03,-4.16,-4.95,-6.16,-6.65,-7.23,-6.94,-6.12,-5.46,-4.89,-4.26,-4.36,-5.21,-5.51,-5.68,-5.57
-2.24,0.04,2.90,4.79,5.83,7.04,8.20,8.78,7.70,8.01,8.20,8.15,8.08,8.07,8.24,7.33,7.11,7.62,8.70,3.68,5.79,6.22,4.39,2.27,3.40,3.56,2.65,3.41,5.58,5.33,5.46,6.19,5.91,3.09,1.73,1.10,-0.75,-0.84,-0.41,0.49,1.56,1.55,0.21,-0.76,-3.47,-3.24,-4.50,-3.44,-1.91,-0.96,-1.36,-2.30,-2.20,-2.21,-2.21,-2.07,-1.37,-0.37,-0.02,-0.53,-0.85,-0.48,-1.49,-3.49,-4.65,-5.21,-6.19,-7.18,-7.40,-7.27,-7.20,-6.39,-5.72,-5.65,-5.70,-5.17,-5.85,-6.33,-6.11
-4.54,-1.67,2.10,4.25,5.27,5.92,6.59,7.49,7.20,7.43,7.35,7.06,6.74,6.41,6.20,5.92,5.98,6.19,4.36,2.95,5.51,2.87,1.34,3.00,4.17,1.73,1.83,2.81,4.36,3.78,-0.59,2.14,2.97,0.64,-0.14,-1.23,-1.88,-1.44,-0.52,0.58,1.44,-0.87,-1.76,-2.25,-3.98,-6.00,-5.36,-3.74,-2.01,-0.79,-1.27,-2.64,-2.38,-2.47,-2.74,-2.64,-1.50,-0.88,-0.43,-0.74,-1.08,-0.93,-1.51,-4.11,-5.04,-5.26,-6.45,-7.59,-8.00,-7.97,-7.95,-7.04,-6.68,-6.99,-6.18,-5.48,-6.23,-7.27,-7.29
-5.94,-2.82,1.64,3.76,4.60,4.87,5.49,6.06,6.18,6.35,5.98,4.99,4.80,4.82,5.10,5.63,5.90,5.21,2.70,3.54,4.34,1.87,0.83,1.00,0.50,0.50,0.54,1.25,3.76,2.47,-2.66,-0.56,-0.06,-1.72,-2.08,-2.48,-2.06,-1.97,-1.05,0.45,0.65,-2.25,-3.45,-3.10,-4.84,-5.92,-5.77,-4.14,-2.35,-0.99,-1.36,-2.12,-2.00,-2.34,-3.06,-2.59,-0.38,-0.70,-1.01,-0.43,-1.36,-1.25,-1.09,-4.52,-5.76,-5.79,-6.36,-7.67,-7.93,-8.33,-8.21,-7.26,-6.93,-7.13,-6.97,-6.77,-7.66,-8.15,-7.83
-5.72,-3.06,0.79,2.54,3.11,3.54,4.35,3.99,3.99,4.93,3.77,1.47,1.59,2.96,4.42,4.42,3.13,1.91,0.93,2.13,1.75,1.20,-0.25,-0.95,-0.83,-0.90,-0.48,1.02,2.01,-2.51,-3.39,-1.79,-2.34,-3.35,-3.26,-2.45,-2.25,-2.56,-1.68,-0.39,-1.62,-3.82,-6.26,-5.20,-4.88,-5.04,-5.29,-4.55,-3.54,-2.58,-2.57,-2.41,-2.25,-1.71,-2.33,-1.37,0.61,0.12,-0.97,-0.40,-1.13,-1.28,-1.15,-4.19,-6.01,-5.94,-6.54,-7.35,-7.60,-8.12,-7.96,-7.10,-7.02,-7.39,-7.69,-8.02,-8.61,-8.33,-7.75
-2.38,-2.86,-0.86,0.63,1.21,1.61,1.35,1.03,1.87,2.76,1.57,0.43,0.67,1.85,3.13,0.77,-1.35,-1.07,0.21,0.03,0.82,-0.12,-2.33,-1.99,-1.65,-1.00,-0.01,-0.95,-3.25,-5.25,-3.61,-2.78,-4.08,-4.26,-3.55,-2.60,-2.95,-3.18,-2.15,-0.33,-0.86,-6.10,-5.86,-5.82,-5.03,-3.89,-4.22,-4.44,-4.77,-3.56,-3.63,-3.22,-2.51,-1.22,-0.78,0.34,1.43,1.51,-0.01,-0.02,-0.62,-1.04,-1.22,-3.96,-6.13,-6.00,-6.27,-7.33,-7.50,-7.59,-7.47,-7.15,-7.19,-7.35,-7.70,-8.48,-8.68,-8.30,-7.76
-0.23,-2.31,-3.07,-1.26,-0.28,-0.07,-0.00,0.45,1.43,1.50,0.95,0.58,-0.35,-0.24,0.87,-0.59,-0.39,-0.48,-0.33,-0.63,0.51,-1.22,-2.27,-2.53,-1.95,0.05,0.10,-4.90,-6.80,-5.34,-4.58,-4.36,-5.06,-4.72,-3.64,-3.24,-3.68,-3.81,-2.79,-1.30,-3.16,-7.58,-3.35,-5.32,-5.45,-3.95,-3.18,-3.92,-4.29,-3.51,-3.44,-2.92,-1.94,-0.88,0.21,1.46,2.54,2.70,1.67,0.74,-0.02,-0.96,-1.59,-4.18,-6.19,-5.74,-6.07,-6.90,-7.19,-6.99,-6.82,-6.72,-6.59,-6.71,-7.17,-7.92,-8.36,-8.08,-7.92
-0.85,-0.60,-2.62,-1.49,-1.01,-0.53,0.42,1.52,2.03,1.87,1.30,0.55,-0.70,-0.47,0.94,-0.06,0.98,0.23,-1.09,-1.15,-0.08,-1.54,-2.40,-2.25,-1.32,1.30,-0.66,-5.69,-4.70,-4.77,-5.01,-5.16,-5.24,-4.61,-3.73,-3.76,-4.26,-4.46,-4.52,-6.10,-8.20,-5.70,-4.92,-5.88,-5.62,-4.33,-3.22,-3.49,-3.31,-2.84,-2.52,-1.74,-1.00,-0.16,1.13,2.45,3.29,3.20,2.13,0.99,0.11,-1.25,-2.14,-4.68,-5.87,-5.24,-5.46,-6.06,-6.19,-6.31,-6.28,-6.06,-5.81,-5.77,-6.18,-6.78,-7.43,-8.00,-8.10
-0.67,0.37,-1.57,-2.74,-1.17,-0.41,0.67,1.85,2.18,1.75,1.18,1.04,1.01,1.83,2.00,0.56,1.41,-0.14,-1.56,-1.10,-0.94,-2.01,-0.83,1.23,2.35,3.25,1.84,0.49,-0.52,-1.48,-2.55,-4.60,-5.15,-4.35,-3.80,-4.11,-4.65,-5.05,-5.99,-7.74,-9.38,-9.12,-7.60,-6.66,-5.97,-5.42,-4.54,-3.68,-2.77,-1.98,-1.59,-1.04,-0.64,0.00,1.00,1.97,2.46,2.28,1.49,-0.15,-0.90,-1.75,-2.47,-4.39,-5.02,-4.30,-4.78,-5.19,-5.21,-5.65,-5.89,-5.47,-5.25,-5.15,-5.11,-5.39,-6.05,-6.79,-7.18
-0.46,-0.31,-1.47,-1.30,-2.41,-1.34,-0.52,0.66,1.27,0.94,0.70,1.41,2.96,3.64,1.85,1.91,1.93,-1.49,-1.56,-1.02,-0.41,-0.80,0.64,2.43,2.76,2.28,2.99,3.86,2.35,0.89,-3.17,-4.53,-5.17,-4.34,-4.12,-4.39,-4.67,-5.02,-5.83,-6.71,-7.37,-7.50,-7.17,-6.51,-6.07,-5.92,-5.92,-5.02,-3.15,-2.09,-2.00,-1.67,-1.18,-1.18,-1.04,-0.85,-0.64,-0.27,-0.33,-1.20,-1.60,-1.86,-2.53,-3.60,-3.79,-3.19,-3.50,-3.98,-4.43,-5.01,-5.19,-4.74,-4.49,-4.38,-4.09,-4.04,-4.50,-4.98,-5.24
0.09,-0.62,-0.27,0.52,-0.04,-2.95,-2.43,-0.55,0.37,0.51,1.07,1.99,2.97,1.80,1.28,0.65,-0.75,-1.10,-0.04,-0.29,0.58,0.29,0.95,2.49,2.03,-0.44,-1.06,-0.96,-0.33,-0.84,-3.74,-5.87,-5.39,-4.69,-4.56,-4.47,-4.23,-4.26,-4.62,-5.11,-5.65,-5.98,-5.94,-5.60,-5.30,-5.16,-5.29,-5.22,-4.30,-3.77,-3.56,-3.06,-2.28,-2.33,-2.42,-2.27,-2.00,-1.63,-1.31,-1.33,-1.27,-1.65,-1.88,-2.42,-2.39,-1.94,-1.84,-2.46,-3.36,-3.94,-4.37,-4.23,-3.82,-3.46,-2.94,-2.92,-3.28,-3.82,-3.66
0.87,1.31,0.57,1.46,-0.03,-0.62,-2.28,-0.93,-0.60,0.84,2.54,3.18,3.58,1.32,-1.28,-2.23,-2.28,-0.62,1.64,1.96,1.65,0.46,0.91,1.71,-0.62,-1.93,-3.69,-4.01,-4.52,-4.33,-4.42,-4.00,-3.65,-4.29,-5.05,-4.42,-3.36,-2.92,-2.81,-2.71,-2.71,-3.74,-4.02,-4.44,-4.55,-4.70,-4.98,-5.03,-4.41,-3.83,-3.37,-3.09,-2.77,-2.48,-2.42,-2.42,-2.04,-1.65,-1.38,-1.05,-0.97,-1.03,-1.14,-1.42,-1.06,-0.63,-0.42,-1.17,-2.15,-2.94,-3.54,-3.68,-3.50,-3.28,-2.63,-2.15,-2.46,-3.05,-2.83
1.22,1.60,1.37,1.77,0.32,0.28,-0.28,-1.07,-1.81,1.10,3.55,3.08,3.49,-0.26,-3.11,-1.59,0.48,1.11,2.46,3.02,2.11,0.06,0.51,0.37,-1.31,-2.65,-3.61,-4.38,-4.88,-4.31,-3.19,-3.27,-3.43,-3.56,-3.00,-2.28,-1.21,-0.80,-0.53,-0.13,0.97,-1.05,-1.53,-2.94,-3.37,-3.42,-3.69,-3.99,-3.85,-3.54,-2.96,-2.50,-2.35,-2.35,-2.33,-2.17,-1.63,-1.13,-0.32,0.11,0.18,0.42,0.64,0.17,-0.10,-0.04,-0.25,-1.06,-1.31,-1.69,-2.09,-2.37,-2.63,-2.91,-2.66,-1.91,-1.43,-1.59,-1.65
2.43,2.62,3.21,2.24,0.29,1.65,1.68,0.09,-0.75,1.36,3.06,1.92,1.97,-0.44,-1.12,0.32,0.09,1.92,3.60,3.81,2.87,0.66,0.51,-0.04,-1.77,-3.33,-3.83,-3.53,-3.88,-2.90,-2.57,-3.44,-3.32,-2.30,-1.05,-0.58,-0.36,0.81,2.06,2.01,1.47,-0.37,0.33,-1.02,-1.71,-1.70,-1.63,-1.90,-2.27,-2.42,-2.19,-1.86,-1.60,-1.38,-1.21,-1.13,-0.85,-0.08,1.15,2.34,3.08,3.40,3.45,2.52,1.28,0.99,0.78,0.38,0.14,0.15,-0.06,-0.20,-0.53,-1.23,-1.69,-1.56,-1.02,-0.47,-0.28
3.42,3.00,2.94,2.49,0.95,2.13,1.96,-0.37,-0.30,1.22,1.73,0.99,2.44,0.85,1.46,2.02,2.28,1.61,2.81,4.31,3.51,1.61,0.99,-0.59,-3.53,-4.02,-3.34,-2.88,-2.64,-0.94,-1.27,-2.52,-2.41,-1.11,0.67,-0.21,0.18,1.02,1.81,3.08,3.57,0.29,-3.10,-0.39,0.31,0.30,0.38,0.48,0.50,0.54,0.68,0.62,0.38,0.31,0.59,0.94,1.12,1.36,1.81,2.68,3.86,4.92,5.62,5.36,3.95,3.05,2.69,2.41,2.29,2.23,2.09,1.99,1.85,1.30,0.65,0.33,0.27,0.39,0.59
3.42,2.31,1.15,1.33,0.71,0.33,-0.16,-0.74,-0.45,1.00,2.92,2.35,2.23,2.19,2.58,2.31,1.64,2.61,2.29,3.73,3.30,1.83,0.19,0.56,-2.79,-3.19,-3.18,-2.04,-0.89,-0.50,-1.03,-0.16,-0.63,-0.77,0.86,1.07,0.88,2.13,1.41,2.36,4.40,2.91,-1.16,0.45,1.93,2.62,2.48,2.23,2.51,3.02,3.60,3.79,3.47,2.90,2.67,2.98,3.52,4.05,4.48,4.96,5.65,6.24,6.66,6.78,6.46,6.09,5.43,4.74,4.24,3.90,3.73,3.76,3.72,3.24,2.79,2.52,2.40,2.40,2.16
3.72,1.07,-0.82,-0.08,0.25,0.66,0.99,1.86,1.48,1.37,1.85,2.17,2.23,2.58,2.58,1.89,0.02,2.79,2.02,3.21,3.57,0.71,0.08,2.13,-1.14,-1.06,-1.00,-1.33,-0.97,-0.15,-0.41,-0.73,-0.16,0.02,1.04,0.97,1.51,2.32,2.22,3.75,2.96,4.56,3.79,3.59,3.64,4.13,4.10,3.31,3.01,3.19,4.02,5.10,5.49,4.95,3.86,3.22,3.56,4.67,5.83,6.83,7.73,8.32,8.50,8.10,7.63,7.45,7.56,7.38,6.25,5.48,4.95,5.11,5.05,4.60,4.25,4.25,4.03,4.11,4.32
2.57,-0.97,0.99,2.25,2.16,2.09,2.54,4.86,4.97,4.36,1.80,1.76,2.22,0.95,1.02,0.91,1.43,1.94,1.76,3.74,4.38,0.11,0.67,-2.69,-3.62,-2.85,-2.78,-2.40,-2.39,-1.54,-1.31,-1.09,-0.29,-0.62,0.28,1.15,2.14,2.08,2.72,3.87,-1.05,1.25,4.27,5.16,4.67,4.79,4.75,2.70,1.57,1.72,2.25,2.80,0.89,-2.34,-3.25,-2.40,-0.58,0.75,1.89,3.38,5.37,6.88,8.85,9.40,9.24,8.99,8.51,8.27,7.39,6.75,5.73,5.58,5.65,5.25,5.48,5.72,5.44,5.28,5.88
1.71,2.64,2.65,3.95,4.19,5.26,6.91,7.63,5.12,4.49,4.34,3.98,3.11,0.04,0.07,1.02,1.08,4.52,5.21,2.56,4.71,0.20,0.57,-2.08,-1.28,0.24,-0.89,-2.90,-3.52,-2.89,-1.89,-1.48,-1.24,-0.45,0.74,1.63,2.08,2.40,3.20,3.83,1.39,1.49,2.16,3.64,4.17,4.38,3.14,0.31,0.30,0.23,-1.01,-3.99,-6.89,-7.14,-5.77,-4.74,-4.52,-4.73,-4.32,-3.11,-1.52,0.12,3.03,6.14,8.80,9.86,10.99,9.23,7.17,6.68,5.08,4.42,3.54,2.66,2.61,3.32,4.25,5.21,6.64
2.97,4.50,5.70,8.86,9.22,9.62,7.47,6.78,4.08,3.33,5.41,3.04,3.41,-1.26,-1.86,-0.61,3.55,8.42,6.07,2.69,5.38,-0.63,-2.42,-1.06,-0.85,-0.13,0.57,0.14,-2.26,-2.32,-1.21,-1.68,-2.45,-0.08,-0.17,-1.24,0.88,2.85,4.37,4.59,2.80,2.82,1.31,1.00,2.75,1.80,-0.02,-1.86,-1.53,-2.60,-5.76,-7.75,-7.11,-6.51,-6.58,-7.02,-7.34,-7.59,-7.32,-7.77,-8.46,-8.58,-8.38,-7.83,-6.35,-4.21,0.05,4.35,7.00,6.27,1.84,-1.26,-2.19,-1.92,-1.42,-0.33,0.88,2.15,4.23
5.69,7.83,8.83,10.19,10.24,9.52,6.00,4.54,5.83,6.11,5.67,4.77,4.25,1.69,0.68,1.26,5.51,6.88,2.96,3.47,4.11,-1.12,-3.82,-0.19,-0.59,0.17,0.37,-0.09,-0.69,0.15,-2.18,-4.26,-2.96,-3.01,-3.27,-2.72,0.85,3.41,4.83,5.14,3.80,1.78,-0.26,-0.96,-1.50,-3.84,-4.76,-5.04,-4.49,-6.24,-7.88,-7.02,-6.02,-6.21,-6.67,-6.77,-6.93,-6.92,-7.26,-7.87,-8.48,-8.68,-8.89,-9.45,-10.25,-11.09,-12.16,-11.77,-10.16,-8.44,-6.62,-6.98,-6.85,-5.57,-3.85,-2.00,-0.31,1.56,3.68
9.63,11.93,11.42,11.56,10.68,9.17,6.88,5.97,6.77,6.95,6.22,6.28,5.33,6.37,5.79,6.25,7.54,8.31,6.41,6.26,4.52,5.42,-2.69,-3.50,-0.85,-0.10,-1.74,-2.66,-0.95,1.02,-3.85,-4.65,-3.31,-3.26,-2.73,-2.18,-0.65,1.01,3.19,4.58,3.28,0.84,-1.44,-5.79,-9.08,-9.38,-9.09,-8.25,-6.95,-5.35,-4.89,-3.94,-4.20,-4.93,-5.32,-5.22,-4.88,-4.74,-5.26,-5.94,-6.42,-6.64,-6.70,-6.93,-7.61,-8.62,-10.57,-11.60,-10.82,-10.17,-8.65,-7.57,-6.60,-5.38,-3.91,-1.83,-0.14,1.97,4.16
9.75,12.59,12.72,12.93,11.99,10.70,9.39,9.42,9.49,9.58,8.77,8.83,8.56,8.09,8.75,6.81,7.82,9.58,9.32,7.40,4.70,6.19,-1.31,-4.38,-2.54,-1.86,-3.22,-4.28,-3.98,-5.54,-5.65,-4.56,-4.03,-3.29,-1.84,-1.19,-0.64,-0.21,-0.20,-1.01,-2.73,-5.94,-8.73,-11.91,-11.56,-10.10,-9.77,-8.88,-7.23,-4.94,-3.69,-3.22,-1.53,-2.27,-2.82,-2.78,-2.89,-2.63,-2.85,-3.89,-4.60,-4.95,-5.30,-5.55,-5.74,-6.08,-6.84,-7.24,-7.01,-6.71,-4.79,-3.03,-2.29,-2.00,-2.21,-1.60,-0.04,1.93,3.49
10.44,11.42,12.32,12.29,10.98,10.57,11.93,11.82,11.06,11.09,11.22,11.07,9.67,9.72,10.35,9.22,6.45,4.92,2.87,4.42,0.27,-6.18,-7.20,-5.55,-3.73,-2.32,-3.58,-4.67,-3.58,-3.54,-3.56,-3.49,-3.44,-2.90,-2.45,-2.24,-2.27,-3.84,-5.09,-6.05,-8.47,-13.51,-12.61,-11.06,-10.80,-10.28,-9.98,-9.41,-8.37,-7.22,-6.15,-3.74,-0.64,0.18,-0.61,0.56,-0.05,-1.26,-1.58,-1.90,-2.63,-3.02,-3.75,-4.46,-4.71,-4.80,-4.66,-4.13,-3.74,-3.36,-2.60,-1.96,-0.98,-0.59,-1.99,-3.08,-2.05,-0.12,0.60
