data/2017092518_UV_SFC.json
{"header": { "refTime": "2017-09-25T06:00:00.000Z", "parameterCategory":  2, "parameterNumber":   2, "surfacelType": 104, "surfacelValue":        0.0, "forecastTime":   12, "scanMode": 0, "nx": 101, "ny": 61, "lo1": 80, "la1": 60, "lo2": 180, "la2": 0, "dx": 1, "dy": 1 }, "data":
[rows 0 to 35 of 61, columns 0 to 78 of 101]
2.57,2.10,2.01,1.63,1.28,0.91,0.68,0.88,1.71,2.67,2.63,1.17,-0.07,-0.22,-0.27,0.05,0.40,0.83,1.23,0.72,1.94,3.21,-1.14,-3.53,-3.31,-3.14,-2.35,-0.48,1.10,1.77,1.43,1.37,-1.97,-2.48,-1.87,-1.80,-1.88,-1.02,-1.76,-2.19,-2.52,-3.56,-3.29,-2.51,-1.83,-0.38,-0.30,0.58,1.13,2.06,1.38,1.18,0.67,0.31,1.81,2.05,1.60,1.46,1.14,0.14,-0.85,-0.58,-1.30,-1.55,-1.32,-2.56,-4.86,-5.44,-5.68,-6.69,-6.87,-7.02,-7.25,-7.66,-8.00,-7.68,-7.29,-7.36,-7.49
4.17,3.46,3.41,3.30,2.86,2.33,1.90,1.89,2.72,3.54,2.95,1.79,1.41,0.87,0.75,1.06,1.11,0.99,0.80,0.77,2.73,2.29,-0.39,-3.54,-3.06,-2.76,-1.56,0.01,0.54,-0.03,-0.64,-0.48,-0.67,-2.27,-2.54,-2.03,-1.11,-0.81,-1.46,-2.28,-1.95,-1.65,-1.40,-1.96,-2.14,-1.53,-0.09,1.26,1.60,2.89,3.03,2.83,0.61,0.64,1.58,2.15,2.54,1.81,1.51,0.91,0.38,0.41,-0.07,-1.14,-0.71,-1.55,-3.96,-4.41,-3.61,-5.53,-6.63,-7.05,-7.62,-7.95,-7.84,-7.51,-7.17,-7.23,-7.48
5.46,5.04,4.34,4.63,4.37,3.91,3.50,2.97,3.54,4.73,3.27,2.90,2.70,2.49,2.29,2.01,1.79,1.15,1.23,2.56,2.60,1.73,-1.14,-2.81,-2.57,-2.50,-1.11,-0.04,-0.54,-1.74,-2.34,-2.55,-1.69,-1.13,-2.30,-1.98,-1.72,-1.23,-2.10,-2.72,-1.60,-0.98,-0.53,-1.33,-1.95,-1.63,-0.03,1.93,2.47,2.84,3.40,3.62,1.73,1.40,1.83,2.22,2.70,1.79,1.38,1.02,1.28,1.62,1.32,-0.08,-1.01,-1.66,-2.58,-3.78,-2.56,-3.86,-5.74,-6.42,-7.04,-7.47,-7.50,-7.29,-6.94,-6.90,-6.99
6.35,6.36,5.39,5.07,5.32,5.28,5.13,4.65,4.66,5.49,4.82,4.37,3.85,3.69,3.55,2.76,2.57,2.03,1.55,3.14,3.20,0.77,-2.14,-2.37,-3.10,-2.05,-0.94,-0.40,-1.00,-1.86,-2.19,-2.50,-2.24,-1.53,-2.13,-2.59,-1.13,-1.23,-2.47,-2.29,-1.22,-0.46,0.46,0.22,-0.71,-0.76,0.18,1.72,2.24,1.83,3.09,3.56,2.84,2.12,1.82,2.09,1.71,1.76,1.67,1.95,2.14,2.28,1.76,-0.08,-1.12,-2.17,-2.16,-2.22,-3.06,-3.48,-4.52,-5.35,-6.04,-6.78,-6.61,-6.63,-6.81,-6.59,-6.31
7.32,7.17,6.30,5.72,6.08,6.34,6.43,5.91,5.65,6.27,6.30,5.72,5.22,4.81,4.39,3.06,1.92,2.64,2.95,3.48,2.94,0.42,-1.20,-1.54,-2.43,-1.49,-0.81,-0.71,-0.93,-1.76,-1.91,-1.69,-1.57,-1.77,-1.87,-2.54,-1.27,-1.43,-2.02,-1.29,0.02,0.92,1.83,1.93,0.98,-0.18,0.44,2.12,3.38,1.41,2.77,3.14,2.20,1.80,1.67,1.19,1.54,2.47,2.74,2.52,1.81,1.52,0.72,-0.13,-1.15,-1.49,-3.14,-2.29,-3.42,-3.79,-4.30,-4.89,-4.94,-5.61,-5.57,-5.45,-5.97,-6.09,-5.71
7.79,7.36,6.76,6.79,6.83,7.00,7.24,6.74,6.73,7.40,7.32,6.92,6.64,6.50,5.46,3.64,1.93,2.51,2.03,2.76,1.85,1.55,0.86,-0.16,-2.00,-1.14,-0.79,-0.89,-0.68,-1.07,-1.28,-1.19,-0.99,-0.90,-1.86,-1.73,-1.40,-1.33,0.41,1.11,1.82,2.54,3.44,3.03,1.70,-0.07,0.89,2.75,3.66,1.69,2.37,2.71,1.93,1.50,0.42,0.60,1.58,3.26,3.27,1.56,0.69,0.81,-0.11,-0.34,-1.30,-2.09,-3.16,-3.51,-4.18,-4.18,-4.51,-4.79,-5.14,-4.76,-4.95,-4.91,-4.99,-5.21,-4.92
6.38,6.55,8.29,7.60,7.58,7.69,7.77,7.53,7.71,8.71,8.67,8.53,8.19,8.12,7.39,6.78,5.88,3.62,2.92,3.55,2.98,2.32,0.82,-1.57,-2.23,-1.11,-0.92,-0.91,-0.24,-0.05,-0.40,-0.49,-0.19,-0.16,-1.34,-1.44,-0.34,0.71,1.57,2.56,2.12,2.35,3.29,3.14,0.75,-0.20,1.51,2.62,2.61,1.74,1.81,2.37,1.69,1.06,0.16,0.56,1.56,2.55,3.02,1.19,0.61,0.60,-0.83,-0.90,-1.42,-2.52,-3.57,-4.05,-4.37,-4.38,-4.44,-4.65,-5.19,-5.01,-5.12,-4.99,-4.76,-4.39,-4.52
4.07,4.94,6.01,8.50,8.15,8.22,8.24,8.44,8.82,9.23,9.62,10.04,9.87,9.39,8.89,9.01,8.63,7.15,5.42,4.91,3.39,1.96,-1.69,-3.21,-2.81,-1.56,-1.22,-0.76,0.29,0.97,0.80,0.62,0.77,0.71,-0.00,-1.28,0.01,1.79,2.43,2.97,1.91,1.67,1.60,2.26,0.23,-0.65,0.12,2.60,2.10,1.28,1.05,1.14,0.94,0.88,1.38,1.02,1.53,1.78,2.11,0.36,-1.39,-1.54,-1.63,-2.27,-2.41,-3.07,-3.99,-4.08,-4.07,-4.11,-4.21,-4.18,-4.96,-5.63,-5.56,-5.21,-4.88,-4.60,-4.76
6.03,4.25,6.04,7.36,8.03,8.55,8.60,9.00,9.64,10.10,10.52,10.92,11.12,10.38,9.95,10.32,10.33,9.19,7.10,4.23,3.91,3.72,0.20,-2.55,-2.55,-1.57,-0.74,0.12,1.49,2.38,2.43,2.10,1.72,1.63,1.46,-0.19,0.98,2.25,2.41,2.16,1.62,1.67,1.18,1.00,0.82,0.24,1.21,1.51,2.09,0.94,0.27,0.32,0.27,0.56,1.54,1.94,0.84,1.69,0.62,-2.20,-3.02,-2.05,-3.15,-4.17,-3.98,-4.04,-4.56,-4.72,-3.87,-3.30,-3.79,-3.94,-4.81,-5.59,-5.76,-5.06,-4.91,-5.45,-5.29
7.84,7.40,7.05,4.83,6.11,7.72,8.72,9.22,9.87,10.67,11.45,11.41,12.08,12.01,11.35,10.91,11.20,9.75,7.50,3.81,5.54,5.45,4.54,1.03,-0.70,0.21,1.76,2.31,3.54,4.47,4.53,3.95,3.06,2.74,2.48,1.47,1.87,2.53,2.33,1.16,1.59,2.42,2.77,3.72,3.91,0.14,0.60,0.98,1.72,0.52,-0.32,-0.19,-0.17,0.06,0.98,1.35,0.03,-0.39,-1.11,-1.40,-3.50,-2.55,-2.95,-3.85,-4.53,-5.05,-5.43,-5.82,-4.95,-3.79,-3.85,-4.11,-4.51,-4.81,-5.31,-5.39,-5.32,-5.57,-5.35
6.59,8.29,7.10,4.76,5.12,7.10,8.28,8.55,9.85,10.00,11.38,12.15,12.96,13.66,12.88,12.27,12.08,10.12,8.74,5.17,7.77,6.95,7.94,5.90,2.75,1.85,3.62,3.29,4.80,6.38,6.40,5.88,4.56,3.74,2.99,2.25,2.37,1.55,1.42,2.14,3.17,3.18,2.44,2.72,2.02,0.06,-0.65,0.41,0.97,-0.21,-0.50,-0.67,-0.78,-0.66,-0.15,-0.23,-1.58,-2.20,-1.92,-2.49,-2.85,-3.02,-2.49,-3.27,-4.92,-5.86,-5.98,-5.92,-5.46,-4.96,-4.63,-4.47,-4.37,-4.34,-4.75,-5.31,-5.27,-5.42,-5.31
5.98,8.02,6.99,5.46,6.03,7.46,7.94,8.30,8.91,9.85,10.43,10.87,11.79,13.15,13.47,12.65,11.52,10.04,9.59,4.26,7.85,6.88,7.68,5.44,2.96,2.57,4.17,1.61,4.37,7.07,7.08,6.73,5.31,4.11,3.20,2.43,2.17,0.78,0.22,2.96,3.46,1.16,-1.42,-1.04,-1.50,-0.99,-0.39,-0.12,-0.16,-0.64,-0.66,-1.17,-1.63,-1.65,-1.79,-2.15,-2.80,-2.49,-3.38,-3.55,-3.18,-3.90,-3.08,-2.91,-5.30,-6.09,-5.86,-5.64,-5.36,-5.38,-5.33,-4.78,-5.26,-5.26,-5.07,-5.32,-5.30,-5.37,-5.36
5.45,6.12,5.60,3.93,4.43,6.03,7.14,8.04,8.94,9.01,8.86,8.64,9.31,9.04,8.07,7.03,6.20,5.81,5.37,2.67,5.67,6.39,5.73,3.70,3.01,2.73,1.80,0.67,4.00,5.02,4.72,5.61,4.28,3.31,2.27,1.56,0.40,-0.30,0.45,2.76,1.38,-1.92,-2.45,-2.64,-3.14,-1.62,-1.07,-0.91,-0.99,-1.15,-0.77,-1.46,-2.22,-3.02,-3.69,-3.15,-3.15,-2.58,-4.14,-3.77,-3.44,-4.06,-3.54,-3.31,-5.80,-6.53,-5.98,-5.66,-5.36,-5.62,-6.13,-5.96,-5.80,-6.31,-6.11,-5.87,-5.23,-5.36,-5.53
2.36,3.61,3.15,2.21,3.19,5.03,6.26,7.26,7.47,7.24,7.09,6.99,7.40,6.07,4.71,5.18,4.91,4.56,2.66,2.24,4.42,3.07,1.97,3.15,3.69,0.54,0.88,1.08,3.35,5.08,2.76,2.17,1.82,1.30,0.50,-0.88,-2.12,-0.96,1.03,0.36,-1.86,-2.88,-2.43,-3.32,-2.92,-2.60,-2.50,-1.67,-1.38,-1.64,-1.11,-1.50,-2.86,-4.66,-3.91,-2.86,-2.54,-2.52,-4.13,-3.59,-3.31,-4.22,-4.09,-3.49,-5.83,-6.97,-6.85,-6.52,-6.16,-6.17,-6.84,-6.71,-6.28,-6.64,-6.89,-6.54,-5.55,-5.68,-6.10
0.03,1.30,1.41,1.92,2.96,4.05,4.72,4.95,5.03,4.51,5.13,5.21,4.29,4.06,4.88,5.18,5.22,4.42,1.80,2.53,3.43,0.97,1.11,1.91,1.21,0.28,-0.16,0.59,3.06,4.65,1.32,-0.56,-0.85,-1.05,-1.83,-3.16,-3.00,-1.10,0.05,-2.22,-4.80,-3.37,-2.62,-2.64,-3.73,-4.25,-3.95,-2.49,-2.32,-2.67,-2.22,-1.91,-3.65,-4.65,-2.72,-1.64,-1.85,-2.41,-3.16,-3.02,-3.24,-4.08,-4.33,-3.80,-6.16,-7.28,-7.75,-7.24,-6.98,-6.88,-7.32,-7.02,-6.63,-6.97,-7.33,-7.28,-6.59,-6.32,-6.34
-0.77,-1.12,-0.27,1.06,1.82,2.11,2.44,2.71,2.68,3.10,3.84,2.88,1.97,2.95,4.47,4.48,3.65,2.28,0.05,1.89,1.23,-0.09,1.07,0.74,0.14,-0.22,-0.08,0.34,2.90,2.30,-0.81,-2.03,-2.99,-3.01,-3.62,-3.71,-2.87,-1.01,-0.18,-2.67,-5.01,-3.91,-5.04,-4.35,-4.90,-4.77,-4.24,-3.19,-2.99,-2.85,-2.32,-2.59,-2.97,-2.79,-1.19,-0.63,-0.94,-1.26,-2.46,-2.54,-3.01,-3.71,-4.37,-4.34,-6.23,-7.43,-7.17,-7.16,-7.21,-7.24,-7.63,-7.31,-6.95,-7.25,-8.50,-7.67,-7.61,-6.67,-6.13
-0.75,-1.17,-1.29,-0.25,0.47,0.50,0.44,0.54,0.95,1.88,1.68,0.80,1.29,2.48,3.26,1.75,0.30,-1.07,-0.91,-0.30,-1.07,0.23,0.08,-0.60,-0.52,0.25,0.73,0.72,1.04,-1.65,-2.58,-3.44,-4.23,-4.05,-4.02,-3.74,-2.76,-0.66,0.29,-1.50,-4.42,-6.45,-4.96,-4.44,-4.39,-4.22,-4.09,-3.46,-2.77,-2.91,-2.59,-3.02,-2.77,-1.12,0.17,-0.22,-0.07,-0.24,-1.74,-2.08,-2.40,-3.27,-4.39,-4.73,-6.48,-7.04,-6.81,-6.90,-7.05,-7.11,-7.31,-7.58,-7.43,-7.85,-8.50,-7.22,-7.38,-6.65,-6.42
-1.04,-1.57,-1.30,-0.52,-0.12,-0.24,-0.63,-0.62,-0.03,0.49,0.33,0.34,0.87,1.40,0.79,-0.93,-1.52,-1.89,-1.64,-0.35,-0.66,-0.60,-0.35,-0.66,-0.18,0.03,0.89,-0.01,-3.21,-3.04,-3.49,-4.20,-4.49,-4.36,-4.24,-3.88,-2.75,-1.42,-2.02,-3.35,-4.69,-6.75,-2.60,-4.42,-4.15,-3.68,-3.54,-2.80,-2.69,-3.36,-3.99,-3.75,-3.07,-1.35,0.22,0.68,0.34,0.24,-0.55,-1.21,-1.86,-2.93,-4.22,-4.95,-6.48,-6.45,-6.29,-6.21,-6.30,-6.34,-6.40,-6.97,-7.84,-7.95,-7.55,-6.38,-6.23,-6.45,-6.78
-0.01,-1.48,-1.41,0.49,0.45,0.03,-0.26,-0.22,0.39,1.02,1.12,0.75,0.75,1.09,0.35,-0.89,-1.12,-1.19,-0.58,0.89,0.53,-0.65,-0.68,-1.00,-1.12,0.45,0.65,-4.85,-5.37,-5.23,-4.31,-4.39,-4.58,-4.45,-4.24,-3.84,-3.15,-3.51,-5.68,-6.59,-5.77,-4.37,-3.43,-5.11,-4.25,-3.32,-2.60,-2.34,-2.04,-3.34,-3.88,-3.08,-2.08,-0.90,0.47,1.44,1.09,0.61,0.23,-0.57,-1.58,-2.65,-3.96,-5.01,-5.55,-5.55,-5.51,-5.57,-5.92,-5.41,-5.39,-5.86,-7.21,-7.59,-6.75,-5.58,-5.30,-5.93,-6.20
-0.09,-1.80,-1.17,0.84,1.35,1.28,0.58,0.63,1.39,1.97,1.79,1.19,1.15,1.55,1.64,1.12,-1.16,-0.92,-0.35,1.44,1.40,-0.05,-0.96,0.05,1.92,3.05,-1.94,-4.84,-4.73,-3.64,-2.61,-3.65,-4.23,-4.08,-3.89,-3.63,-3.38,-4.43,-6.34,-7.17,-7.22,-7.12,-5.95,-5.50,-4.58,-3.48,-2.12,-2.42,-2.48,-2.98,-2.94,-2.23,-1.24,-0.79,-0.15,0.49,0.63,0.26,-0.26,-0.92,-1.67,-2.38,-3.35,-4.22,-4.51,-4.75,-4.78,-4.85,-5.61,-4.81,-4.56,-5.01,-6.28,-6.78,-6.37,-5.52,-4.78,-5.21,-5.33
-0.55,-2.50,-2.03,-0.55,0.85,1.36,1.24,1.35,1.88,2.30,2.02,1.54,1.37,1.12,2.36,2.15,-1.58,-0.52,0.08,1.21,2.05,1.45,1.31,1.64,2.48,1.55,-0.24,-1.75,-2.44,-3.60,-3.33,-3.00,-3.43,-3.42,-3.47,-3.26,-2.92,-3.63,-5.41,-6.61,-6.99,-6.69,-5.88,-5.21,-4.78,-4.27,-3.46,-2.94,-3.04,-2.79,-2.44,-1.84,-1.51,-2.36,-2.31,-2.00,-1.50,-1.50,-1.75,-1.73,-1.78,-2.10,-2.48,-2.90,-3.13,-3.36,-3.70,-4.29,-4.72,-4.26,-3.73,-4.11,-4.92,-5.59,-5.20,-4.86,-4.57,-4.47,-4.62
-0.75,0.26,0.83,0.11,-1.28,-0.45,0.69,1.54,1.76,2.25,2.40,2.15,0.81,-0.30,3.45,3.12,-0.73,-0.57,0.42,0.20,2.44,2.36,2.31,2.09,2.04,1.58,-1.18,-0.79,-1.29,-3.81,-3.14,-2.99,-2.59,-2.74,-2.99,-2.58,-2.00,-2.28,-3.74,-5.38,-6.12,-5.97,-5.25,-4.41,-3.84,-3.96,-3.99,-3.56,-3.55,-3.74,-3.19,-2.61,-2.44,-3.05,-3.07,-3.05,-2.84,-2.70,-2.50,-1.77,-1.47,-1.41,-1.20,-1.15,-1.39,-1.50,-1.96,-3.19,-3.84,-3.23,-2.79,-2.86,-3.45,-3.78,-4.28,-3.89,-4.10,-4.01,-4.01
-0.67,0.26,0.25,0.62,-1.67,-1.54,0.78,1.17,1.56,2.25,2.84,3.85,1.23,0.13,3.72,2.07,-1.07,-1.10,-0.00,0.96,2.44,2.18,2.37,1.51,-0.15,0.13,-2.63,-2.05,-1.83,-3.31,-2.78,-1.83,-1.31,-1.66,-2.47,-1.77,-1.02,-1.04,-1.85,-3.11,-4.38,-4.62,-3.48,-3.43,-3.24,-3.48,-3.72,-3.38,-3.15,-3.19,-2.83,-2.65,-3.01,-3.11,-3.15,-3.34,-3.72,-3.18,-2.39,-1.23,-0.67,-0.25,0.15,0.23,0.17,0.35,-0.06,-1.35,-2.30,-2.37,-2.14,-1.97,-2.27,-2.68,-3.07,-3.49,-3.67,-3.77,-3.58
1.57,2.14,1.77,0.41,-0.70,-1.08,0.81,0.95,1.53,2.30,2.90,3.76,1.65,0.98,3.71,1.16,-1.26,0.48,1.06,2.30,2.88,1.59,1.94,1.59,-0.65,-0.60,-3.00,-3.58,-3.56,-3.41,-2.26,-1.51,-1.33,-1.58,-1.98,-1.11,0.33,0.72,0.59,0.61,-0.62,-1.44,0.37,-1.19,-2.00,-2.48,-2.83,-2.57,-2.25,-2.30,-1.98,-1.74,-2.04,-2.44,-2.58,-2.64,-2.61,-2.20,-1.50,-0.57,0.36,1.18,1.39,1.31,1.23,1.32,1.21,0.44,-0.38,-0.99,-1.12,-1.07,-1.12,-1.47,-1.61,-2.05,-2.69,-3.07,-3.29
3.46,4.15,3.47,2.57,1.01,0.79,1.94,0.86,0.47,1.98,3.17,3.39,0.82,0.21,2.63,1.87,1.52,0.01,1.36,2.32,3.21,2.00,1.19,1.56,-1.49,-1.22,-2.91,-3.84,-3.81,-3.44,-2.40,-1.35,-0.90,-0.74,-0.66,0.08,0.88,2.64,3.36,3.97,3.21,1.56,2.54,1.16,0.08,-0.52,-0.89,-0.99,-0.93,-0.98,-0.89,-0.68,-0.58,-0.62,-0.69,-0.73,-0.63,-0.30,0.41,1.28,2.14,2.97,3.30,3.13,3.03,2.53,2.32,2.18,1.87,1.44,1.04,0.66,0.55,0.41,0.21,-0.01,-0.59,-1.34,-2.08
3.02,4.04,2.95,1.81,1.27,1.81,2.42,-1.12,-1.54,0.17,1.61,1.82,1.35,0.17,1.82,2.64,1.31,-1.46,1.25,3.19,3.55,2.13,0.47,0.90,-1.24,-1.12,-1.35,-2.95,-2.74,-2.39,-1.08,-0.14,0.15,0.49,1.39,0.90,0.90,2.54,3.92,5.15,6.35,6.21,1.68,2.05,2.17,1.73,1.54,1.37,1.40,1.64,1.85,1.79,1.61,1.49,1.46,1.44,1.42,1.55,2.17,3.19,4.13,5.12,5.48,5.33,5.09,4.66,4.28,4.34,4.31,4.17,3.83,3.23,2.61,2.31,2.13,2.04,1.73,0.97,-0.10
2.64,2.25,-0.31,-0.34,0.02,-0.64,-2.39,-2.93,-2.09,-1.58,-0.81,0.92,2.42,1.85,0.73,2.33,1.42,-0.83,0.46,2.12,2.95,2.51,0.32,1.08,-0.00,-1.14,-0.71,-1.10,-0.97,-1.11,-0.00,1.74,1.48,1.04,2.36,1.98,1.12,2.50,3.30,4.87,6.95,7.40,3.49,3.23,3.89,3.92,4.06,3.81,3.48,3.82,4.60,5.14,4.79,3.97,3.41,3.38,3.33,3.07,3.22,4.20,5.49,6.76,7.66,7.67,7.17,6.89,6.87,6.68,6.43,6.29,6.06,5.56,4.95,4.29,3.71,3.65,3.68,3.19,2.34
2.08,-1.11,-2.37,-1.66,-2.18,-1.98,-0.48,0.77,0.78,0.52,0.10,0.69,1.31,1.05,-0.31,-1.00,-0.18,-0.32,-0.80,0.92,2.73,3.32,1.24,2.29,1.53,0.23,1.04,0.58,0.15,0.80,1.14,1.63,2.06,1.53,2.77,1.69,1.97,2.77,2.90,4.56,5.15,7.15,6.12,5.34,5.42,5.58,5.93,6.00,5.12,5.02,5.96,7.22,7.44,6.27,4.98,3.30,1.73,0.97,1.22,2.78,4.83,6.64,8.38,9.28,9.35,8.99,9.22,9.04,8.43,7.98,7.53,6.82,6.72,6.35,5.41,4.60,5.03,4.93,4.24
-0.40,-2.76,-0.69,1.03,1.17,1.33,1.70,3.45,3.77,3.47,1.93,1.10,0.55,0.46,-0.08,-0.50,-1.08,1.61,1.50,2.29,3.24,3.96,3.34,3.40,1.06,-0.57,0.16,0.30,0.50,1.16,1.60,2.63,3.12,1.90,2.78,2.75,2.75,2.34,2.60,3.62,4.68,4.94,6.68,7.36,7.08,6.86,7.10,6.98,5.40,5.18,5.77,6.88,7.31,5.77,2.43,-1.18,-1.62,-1.60,-1.88,-0.99,0.54,1.73,3.63,5.79,7.94,9.40,10.72,11.01,10.32,9.24,8.44,7.63,7.44,7.28,7.00,6.17,6.32,6.26,5.69
-0.97,0.06,0.53,0.79,0.56,2.04,3.90,5.81,5.85,4.06,3.47,2.87,0.61,0.07,-0.31,-0.40,0.43,3.96,5.10,1.95,3.47,3.66,3.21,-1.14,-1.63,-0.02,-0.34,-0.57,-0.80,0.29,1.64,3.30,2.52,1.31,2.37,3.44,2.97,1.73,2.70,3.67,3.40,4.22,5.77,6.82,6.66,6.54,7.38,6.02,3.47,3.98,4.64,3.90,0.19,-3.30,-4.94,-5.30,-5.86,-6.51,-6.62,-6.34,-5.72,-5.07,-4.13,-2.58,-0.13,2.32,6.01,8.64,9.44,9.60,8.97,7.43,7.19,6.89,5.81,5.06,5.19,5.36,5.69
-0.33,-0.85,0.41,3.63,3.91,5.31,5.88,5.61,1.54,0.29,4.74,3.99,1.67,0.63,0.05,-1.08,3.59,8.32,7.55,4.00,7.22,4.51,0.81,-1.35,-0.34,0.17,-1.55,-1.77,-1.59,-0.11,1.64,2.21,1.04,1.39,1.94,2.75,2.30,1.82,3.59,4.70,4.37,5.00,5.30,5.81,5.46,4.83,5.98,2.96,0.91,0.93,-2.09,-6.36,-8.04,-8.15,-8.20,-8.17,-8.50,-8.33,-8.09,-7.69,-7.05,-6.64,-6.39,-6.24,-5.82,-5.00,-2.51,0.67,4.19,6.52,8.35,8.66,9.09,6.07,1.47,-0.13,-0.53,0.17,1.99
0.74,2.52,4.25,6.26,6.79,7.36,7.97,6.49,2.18,0.18,1.62,3.15,3.72,2.01,2.01,1.44,5.39,8.08,6.94,6.74,8.46,5.87,-2.19,0.28,-0.28,0.79,-1.61,-2.62,-2.22,0.06,0.51,-2.15,-1.27,-2.07,-1.67,-0.12,2.56,3.04,4.12,4.87,5.25,4.83,5.88,4.98,3.76,2.41,0.34,-2.97,-3.97,-7.00,-9.04,-8.22,-7.44,-7.40,-7.64,-7.56,-7.41,-7.36,-7.19,-6.84,-6.35,-6.22,-6.18,-6.58,-7.92,-9.42,-10.99,-11.62,-12.42,-12.34,-10.58,-7.20,-3.01,-0.87,-3.08,-4.20,-4.07,-2.44,0.36
2.96,5.47,6.32,6.83,7.26,7.42,8.45,7.66,3.84,1.82,2.94,4.12,2.87,3.19,4.51,6.09,7.12,7.78,7.45,5.75,4.51,6.27,-0.18,-1.73,-1.23,0.04,-1.21,-0.19,0.87,2.44,0.08,-1.96,-0.94,-1.57,-1.96,-0.97,1.82,2.34,3.14,3.56,4.21,6.14,8.18,2.51,-3.01,-7.14,-8.50,-8.40,-8.37,-7.71,-6.81,-4.50,-5.98,-6.40,-6.62,-6.65,-5.75,-5.47,-5.56,-5.58,-5.46,-5.46,-5.31,-5.56,-6.95,-8.07,-8.71,-8.64,-9.00,-9.59,-9.76,-9.11,-8.00,-6.37,-5.45,-4.77,-4.22,-2.56,0.10
4.94,7.10,7.25,8.15,8.24,8.35,8.36,7.85,5.46,4.57,4.56,6.43,7.07,5.65,6.17,6.03,8.24,8.64,3.85,2.03,3.95,7.24,0.37,-2.97,-3.28,-2.28,-2.39,-1.95,-1.12,-2.09,-3.50,-3.57,-2.47,-1.93,-0.80,-0.06,0.97,1.45,1.95,2.25,1.45,-0.81,-5.13,-9.67,-11.18,-10.86,-10.47,-9.47,-8.01,-5.66,-4.41,-3.97,-3.32,-4.37,-4.82,-4.69,-4.11,-3.41,-3.44,-3.77,-4.10,-4.35,-4.37,-4.28,-5.24,-6.16,-6.64,-6.56,-6.42,-6.24,-5.84,-5.12,-4.11,-2.53,-1.01,-0.39,-0.14,-1.06,-1.22
5.27,6.81,8.27,8.78,8.02,7.39,8.15,7.64,7.43,7.64,6.43,7.81,7.54,7.47,7.80,8.52,4.90,-2.17,-4.00,-1.28,-1.50,-2.76,-3.56,-4.82,-3.53,-2.81,-3.37,-3.90,-2.32,-2.23,-2.07,-2.07,-1.74,-1.07,-0.44,-0.75,-1.08,-1.40,-1.91,-3.12,-6.66,-12.27,-13.12,-12.27,-11.43,-10.79,-10.57,-9.89,-8.87,-7.14,-5.68,-3.84,-3.23,-3.83,-3.33,-2.24,-1.95,-2.16,-2.28,-1.81,-1.83,-2.42,-3.29,-3.75,-4.49,-5.20,-5.59,-5.54,-5.30,-4.88,-4.14,-2.82,-1.55,-0.85,-2.63,-4.45,-4.26,-3.91,-3.96
7.33,7.12,3.88,-0.38,-1.78,-1.12,0.67,2.40,3.58,4.33,4.38,5.38,4.65,-0.45,-1.69,-0.83,-1.83,-3.12,-2.69,-3.56,-4.92,-8.28,-8.18,-3.34,-2.23,-3.87,-4.31,-3.06,-2.35,-2.51,-2.31,-2.46,-1.69,-1.36,-1.40,-2.35,-2.88,-3.18,-5.09,-7.38,-11.32,-10.69,-10.30,-10.15,-9.88,-8.80,-7.67,-6.02,-5.15,-5.85,-5.35,-4.39,-3.89,-3.45,-3.20,-2.62,-1.54,-1.37,-0.77,-0.20,0.08,-0.09,-1.62,-3.01,-3.85,-4.21,-4.25,-3.92,-3.59,-3.34,-2.84,-1.70,-1.78,-5.21,-8.11,-8.74,-8.80,-7.91,-7.25
