data/2017092418_UV_SFC.json
{"header": { "refTime": "2017-09-24T18:00:00.000Z", "parameterCategory":  2, "parameterNumber":   2, "surfacelType": 104, "surfacelValue":        0.0, "forecastTime":    0, "scanMode": 0, "nx": 101, "ny": 61, "lo1": 80, "la1": 60, "lo2": 180, "la2": 0, "dx": 1, "dy": 1 }, "data":
[rows 0 to 35 of 61, columns 0 to 79 of 101]
3.94,2.02,0.99,0.26,0.03,-0.27,-1.63,-2.45,-3.23,-3.38,-3.57,-3.83,-4.00,-3.51,-2.98,-2.63,-2.35,-1.94,-0.89,-0.21,2.15,3.00,1.03,-2.16,-2.87,-4.03,-3.03,-1.49,-0.63,0.21,0.31,0.73,-0.87,-0.58,0.89,0.97,-1.91,-2.62,-2.33,-0.96,-1.15,-1.61,-1.39,-0.68,1.30,2.47,2.82,2.76,3.52,4.40,4.37,4.49,3.99,1.51,2.83,2.62,1.60,0.02,-3.31,-4.93,-5.03,-4.74,-4.77,-4.61,-4.10,-3.59,-3.60,-4.27,-4.92,-5.68,-5.93,-6.17,-5.92,-5.70,-5.77,-5.84,-6.06,-5.66,-5.28,-5.51
5.57,4.30,3.69,2.83,1.77,1.12,0.22,-1.24,-2.21,-2.42,-2.76,-2.84,-2.70,-2.41,-2.29,-1.90,-1.68,-1.03,-0.48,0.26,3.00,1.93,-0.00,-1.69,-1.68,-2.97,-2.48,-0.55,0.01,0.34,1.02,0.67,-0.80,-1.20,0.38,0.92,0.25,-1.19,-1.60,-1.19,-0.66,-0.17,0.36,0.34,1.20,2.12,2.15,1.55,2.09,2.90,4.27,4.48,4.06,4.53,3.40,2.83,1.47,-0.96,-2.24,-4.37,-4.59,-4.41,-4.43,-4.17,-3.46,-3.32,-3.81,-3.84,-4.77,-5.45,-5.67,-5.67,-5.75,-5.50,-5.70,-5.76,-5.84,-5.56,-4.78,-5.22
5.67,5.33,5.14,4.93,3.00,2.38,1.69,0.52,-0.58,-1.37,-1.65,-1.79,-1.15,-1.43,-1.66,-0.99,-0.75,-0.25,-0.08,2.07,3.02,0.85,-0.90,-0.73,-0.17,-1.83,-1.36,0.19,1.13,2.44,2.42,0.15,-0.91,-0.79,-0.50,1.19,0.69,0.68,-0.34,-1.12,-1.30,-0.57,0.47,1.14,0.52,0.84,1.23,0.92,1.38,1.89,3.14,4.24,4.84,4.02,2.94,1.99,1.12,-0.74,-0.48,-2.85,-3.65,-3.84,-4.03,-3.67,-3.46,-3.90,-4.32,-4.19,-4.66,-5.15,-5.25,-5.30,-5.25,-5.64,-6.06,-6.33,-6.00,-5.65,-5.15,-5.45
5.93,6.18,5.97,5.97,4.01,3.73,3.73,2.64,1.23,0.21,-0.04,0.02,0.25,-0.60,-0.96,-0.24,0.05,0.19,0.27,2.78,1.44,0.33,-0.13,0.28,-0.82,-1.49,-0.65,0.59,1.72,2.75,2.46,1.32,-0.34,-1.35,-1.29,-0.02,1.86,1.65,0.01,-0.76,-0.46,0.30,1.33,2.52,1.50,0.55,1.63,1.64,1.63,1.35,1.98,4.02,5.14,3.69,2.32,2.16,1.86,0.06,-0.12,-1.91,-2.77,-3.39,-3.62,-3.19,-4.22,-4.30,-4.66,-4.70,-4.41,-5.10,-5.18,-5.23,-5.48,-5.68,-6.19,-7.05,-6.46,-6.13,-6.45,-5.96
6.27,6.93,6.96,6.66,5.76,5.52,5.39,4.75,3.48,2.18,2.09,2.48,2.03,0.58,-0.30,0.06,-0.06,0.98,1.13,1.69,2.09,0.76,0.58,-0.15,-1.67,-1.08,-0.29,0.60,1.28,1.41,1.69,2.02,1.02,-1.45,-1.89,-1.58,1.45,1.52,-0.17,-0.76,0.53,1.73,2.64,4.17,3.51,1.63,2.56,3.24,2.82,1.35,0.28,2.81,4.73,3.38,2.76,2.64,2.20,-0.03,-0.53,-1.64,-2.37,-3.24,-3.50,-2.93,-3.87,-4.35,-3.89,-4.79,-4.60,-4.94,-4.95,-5.21,-5.60,-5.44,-5.57,-6.96,-7.02,-7.26,-6.82,-6.45
7.06,7.79,7.89,7.69,7.17,6.86,6.86,6.26,5.52,4.41,4.06,4.35,4.21,2.49,1.29,1.25,1.20,1.18,-0.67,0.61,1.79,1.12,1.17,-0.01,-0.76,-0.12,0.40,0.97,1.04,1.01,1.31,2.10,2.29,0.50,-0.90,-1.52,-0.15,0.52,1.05,0.69,1.08,1.90,3.12,4.52,2.90,1.24,2.11,3.45,2.96,1.01,-0.12,2.24,3.70,3.06,2.59,1.87,0.84,-0.08,-0.89,-1.73,-1.96,-2.94,-3.16,-3.04,-3.78,-3.33,-3.35,-4.80,-4.63,-4.37,-4.54,-5.25,-5.42,-5.22,-4.95,-6.45,-7.46,-7.29,-6.80,-6.22
6.54,7.19,9.45,9.07,8.37,7.95,7.66,7.68,7.51,6.97,6.38,6.22,5.67,4.55,4.37,5.23,6.26,6.45,5.07,3.56,2.62,2.43,1.17,-1.92,-1.58,-0.32,0.64,1.47,1.74,2.14,2.42,2.94,3.21,2.82,1.23,-0.45,-0.98,1.36,1.30,1.57,1.25,1.46,3.35,4.38,1.80,0.41,0.65,1.89,1.34,-0.07,-0.30,1.44,2.24,1.87,1.01,-0.16,-1.37,-1.21,-1.62,-2.01,-1.95,-2.61,-2.65,-3.75,-3.38,-2.85,-3.20,-4.53,-4.39,-4.06,-4.35,-5.06,-5.27,-5.33,-4.88,-5.97,-7.23,-6.79,-6.72,-6.24
4.76,4.94,6.13,9.25,8.99,8.57,8.56,8.64,9.07,9.06,8.63,8.27,7.60,6.59,6.68,7.49,8.74,9.80,9.19,7.69,4.00,3.50,1.82,-2.01,-2.72,-1.90,-0.61,1.13,2.44,3.32,3.96,4.51,4.48,4.26,3.27,1.31,-0.01,0.71,1.31,1.48,1.51,1.71,2.70,3.56,1.26,1.07,1.37,0.99,-0.12,-2.46,-1.72,0.16,0.86,0.30,-1.03,-2.63,-2.99,-2.17,-2.41,-2.49,-2.26,-2.59,-2.55,-3.39,-3.36,-3.51,-3.44,-3.91,-4.22,-4.38,-4.94,-5.03,-4.86,-5.30,-5.23,-6.11,-6.57,-6.42,-6.18,-6.22
6.20,4.22,6.13,6.12,7.73,8.40,8.77,9.24,10.22,10.22,10.01,9.51,8.96,8.48,8.29,8.77,9.82,10.56,10.59,5.96,5.42,7.90,6.36,3.08,0.64,-0.76,0.12,1.92,3.96,5.12,5.70,5.91,5.76,5.39,4.61,2.99,1.40,1.02,1.31,1.46,1.77,1.81,2.31,2.37,1.88,1.45,1.97,1.22,-1.52,-4.69,-3.04,-0.88,-0.16,-1.31,-2.21,-3.93,-3.48,-2.70,-2.90,-3.12,-2.88,-2.58,-2.24,-2.94,-3.83,-4.27,-4.12,-4.11,-4.47,-4.75,-5.15,-5.18,-5.09,-5.70,-6.19,-6.23,-6.04,-6.06,-6.23,-6.20
6.79,6.76,6.61,2.65,4.62,6.85,8.11,9.27,10.69,10.83,10.74,10.06,9.74,9.58,9.49,9.78,10.42,11.06,11.29,5.34,8.27,10.47,8.74,7.49,5.68,2.22,2.02,4.25,6.70,7.70,7.79,7.27,6.85,6.30,5.41,4.11,2.22,1.42,1.58,1.17,1.88,1.94,3.04,3.31,3.54,2.25,2.31,1.02,-3.34,-5.10,-4.03,-1.91,-1.09,-1.57,-2.54,-4.36,-3.60,-2.77,-3.68,-4.04,-3.53,-2.45,-1.86,-3.11,-4.65,-4.73,-4.45,-4.47,-4.65,-4.69,-5.21,-5.21,-5.99,-6.84,-6.81,-6.09,-5.84,-6.03,-6.26,-6.37
5.43,6.77,6.43,2.75,3.52,5.15,6.84,8.77,10.28,10.64,10.32,10.40,10.15,10.12,10.62,10.53,10.48,11.01,12.02,6.51,10.87,11.80,10.23,9.39,7.72,4.46,2.78,5.23,8.24,9.38,9.24,8.30,7.58,7.10,6.12,4.78,2.65,1.77,1.61,1.11,1.99,2.76,3.05,2.87,2.53,3.63,2.90,-0.86,-4.52,-4.07,-5.10,-3.49,-2.11,-1.64,-2.74,-3.83,-3.37,-3.12,-4.32,-4.44,-3.72,-2.73,-2.64,-3.97,-4.68,-4.69,-4.57,-4.61,-4.63,-4.48,-4.87,-5.56,-6.91,-7.66,-7.55,-6.40,-6.49,-6.63,-6.67,-6.48
5.00,6.07,5.87,5.31,5.32,6.39,7.71,8.19,8.18,8.05,8.13,8.84,9.53,9.75,10.23,10.45,10.86,10.99,11.54,5.86,10.09,11.12,9.79,7.45,4.62,4.83,4.56,2.63,5.59,9.75,9.43,7.89,7.60,7.47,6.55,4.87,2.51,1.58,1.45,1.56,2.37,2.74,2.76,2.61,1.26,1.54,0.66,-2.56,-4.75,-3.89,-5.33,-5.94,-5.88,-4.20,-3.35,-3.42,-3.36,-3.63,-4.79,-4.45,-3.90,-3.41,-3.63,-4.22,-4.49,-4.43,-4.36,-4.61,-4.61,-4.26,-4.51,-5.90,-7.40,-7.71,-7.86,-7.11,-7.04,-7.68,-7.35,-6.93
4.10,3.95,3.73,5.05,5.95,7.53,7.63,7.09,5.55,4.87,5.48,6.49,7.04,7.34,8.43,9.65,10.65,10.34,9.27,3.94,6.88,8.19,6.06,3.82,4.21,3.95,1.50,0.49,3.80,5.68,6.58,6.71,6.86,7.03,6.30,3.87,1.71,1.01,1.54,2.51,3.25,3.97,3.63,1.84,-0.12,0.37,-1.12,-4.49,-6.20,-5.01,-6.08,-8.42,-9.12,-7.51,-5.40,-4.11,-4.39,-5.02,-4.59,-4.36,-4.06,-3.73,-3.98,-4.10,-4.10,-4.00,-4.06,-4.44,-4.46,-4.31,-4.70,-5.93,-7.53,-7.66,-7.33,-7.19,-7.72,-8.21,-8.37,-8.24
1.27,1.94,3.20,4.91,5.81,6.29,5.73,5.43,4.64,4.72,5.43,6.03,6.05,6.60,8.04,9.26,8.95,7.27,3.32,2.73,4.88,2.80,2.22,3.95,5.28,2.14,0.13,0.91,3.11,4.75,3.14,4.29,4.33,5.05,4.58,2.29,0.80,0.49,1.60,3.12,3.47,2.10,1.78,-0.06,-0.23,-0.49,-4.01,-7.18,-8.34,-6.94,-6.69,-8.25,-9.64,-9.06,-7.33,-5.01,-4.16,-4.65,-4.09,-3.82,-3.85,-3.31,-3.50,-3.73,-3.78,-3.66,-3.78,-4.18,-4.01,-4.61,-5.23,-6.22,-7.40,-8.04,-7.77,-7.84,-8.40,-8.49,-8.89,-9.18
1.53,2.80,3.64,4.19,4.61,4.41,4.22,4.67,4.96,5.37,5.38,5.77,5.90,6.80,7.67,6.38,4.08,2.61,0.70,2.74,3.01,1.59,2.89,3.85,2.73,1.23,-0.47,0.26,3.74,4.90,1.90,1.24,0.74,2.02,2.19,1.23,-0.06,0.05,1.62,3.21,2.03,-0.01,0.33,-0.03,-1.28,-5.81,-10.44,-9.90,-8.96,-8.10,-7.37,-7.57,-9.05,-9.13,-7.41,-4.88,-2.07,-2.95,-3.40,-2.76,-2.89,-2.29,-2.55,-3.34,-3.44,-3.26,-3.22,-3.41,-3.34,-4.83,-6.17,-6.93,-7.29,-8.13,-8.40,-8.33,-8.66,-8.71,-9.24,-9.88
0.62,2.19,3.24,3.15,3.32,3.36,3.73,4.55,4.95,4.70,4.36,4.78,5.00,5.43,4.90,1.93,0.71,1.49,0.13,2.33,1.49,1.72,3.61,3.58,2.21,0.56,-0.75,1.24,4.33,3.15,0.87,-0.25,-0.73,0.30,0.85,0.21,-0.91,-0.10,1.76,2.52,-0.69,-1.31,-0.13,-2.00,-3.98,-7.39,-9.97,-10.12,-9.34,-8.54,-8.15,-7.75,-8.01,-8.34,-7.50,-5.57,-3.60,-2.99,-2.74,-1.66,-1.46,-1.10,-2.54,-2.85,-3.07,-2.83,-2.26,-3.43,-3.69,-4.97,-7.03,-7.68,-7.40,-8.28,-8.58,-8.50,-8.49,-8.72,-9.37,-10.21
-0.43,1.28,2.12,2.08,2.62,3.17,3.70,4.04,3.60,3.59,3.44,3.96,4.52,4.42,3.58,2.06,1.84,1.74,0.22,1.23,0.18,2.66,3.98,3.76,2.49,1.00,0.53,2.45,3.25,1.40,1.08,-0.44,-0.56,-0.14,-0.12,-1.21,-1.49,0.02,1.70,1.46,-0.47,-1.66,-0.96,-3.56,-5.21,-7.30,-9.19,-10.01,-9.44,-8.61,-8.27,-7.84,-7.62,-7.91,-7.39,-6.84,-4.98,-3.01,-1.06,-0.30,-0.80,-1.64,-2.34,-2.74,-3.03,-2.83,-2.18,-4.10,-4.68,-5.46,-6.80,-7.76,-7.69,-8.39,-8.36,-8.24,-8.45,-8.84,-9.15,-10.04
-0.16,-0.58,1.04,1.71,2.64,3.53,3.99,3.69,3.32,3.41,3.26,3.16,2.50,2.49,2.57,1.96,2.01,1.46,0.50,0.81,0.21,2.20,3.39,2.76,-0.79,-2.12,0.70,3.41,4.07,4.97,3.44,0.20,-0.59,-1.19,-1.68,-2.43,-1.70,-0.07,0.77,0.34,1.29,-1.11,0.12,-3.61,-5.89,-7.37,-8.91,-9.46,-9.09,-8.62,-8.67,-8.52,-8.27,-7.97,-7.58,-7.63,-6.99,-6.74,-4.51,-2.80,-2.51,-3.26,-3.52,-3.56,-3.21,-2.99,-2.60,-4.84,-5.37,-5.59,-6.17,-7.11,-7.67,-7.84,-7.55,-7.50,-7.88,-8.45,-8.95,-9.64
0.23,0.56,1.90,2.06,3.03,4.16,4.43,3.94,3.65,3.88,3.12,1.03,-0.24,0.92,2.06,2.65,2.20,0.90,0.23,0.65,0.25,0.69,2.24,-0.07,-2.76,0.03,2.86,4.52,7.66,6.74,4.69,1.51,-0.97,-2.84,-3.34,-3.11,-1.83,-0.85,-0.92,-0.55,1.02,-0.81,-1.38,-3.85,-5.85,-7.09,-7.85,-8.31,-8.53,-8.23,-9.02,-8.76,-8.06,-7.66,-7.75,-8.00,-8.01,-8.19,-7.58,-6.11,-5.32,-5.00,-4.50,-3.95,-3.50,-3.14,-3.70,-5.25,-5.64,-5.82,-5.98,-6.50,-6.69,-6.67,-6.33,-6.44,-6.85,-7.53,-8.14,-8.82
-0.22,0.39,0.41,1.76,2.97,4.57,4.70,4.16,3.73,3.98,3.12,1.29,0.36,0.93,2.11,3.71,1.12,-0.09,-0.12,1.35,1.16,0.44,0.71,-0.00,1.35,3.47,4.30,4.17,0.45,-5.32,-3.92,-3.09,-3.79,-4.45,-4.39,-3.47,-2.44,-2.22,-2.38,-0.95,-1.26,-4.40,-4.27,-4.06,-5.28,-7.02,-6.91,-7.18,-7.93,-7.90,-8.45,-8.09,-7.45,-7.31,-7.54,-7.88,-7.93,-8.09,-8.22,-7.47,-6.55,-5.89,-5.13,-4.40,-3.74,-3.67,-4.37,-4.49,-4.67,-5.18,-5.48,-5.65,-5.29,-5.25,-5.18,-5.49,-6.10,-6.52,-7.11,-7.70
0.88,0.84,1.49,1.72,3.34,3.35,3.86,4.13,3.54,3.56,3.62,3.10,2.55,0.84,2.65,4.03,0.10,0.39,1.16,2.31,2.00,1.17,1.20,0.26,1.99,3.38,3.01,-2.81,-9.40,-10.10,-8.52,-8.38,-6.94,-5.87,-4.93,-3.99,-3.53,-3.56,-2.96,-2.30,-4.22,-5.52,-4.80,-4.14,-5.02,-6.36,-6.42,-6.38,-6.89,-7.16,-7.59,-7.38,-6.71,-6.74,-6.97,-7.24,-7.47,-7.64,-7.75,-7.77,-6.93,-6.00,-5.26,-4.58,-4.07,-3.76,-3.29,-3.13,-3.72,-4.40,-4.81,-4.81,-4.35,-4.34,-4.63,-4.98,-5.39,-5.81,-6.32,-6.79
2.32,3.11,3.49,3.86,3.73,2.49,2.30,3.63,3.42,3.23,3.60,4.24,2.41,-0.25,3.71,3.87,1.33,0.61,1.42,1.82,3.24,2.64,-0.00,-1.06,0.71,2.57,-0.43,-5.08,-10.70,-11.91,-9.86,-11.64,-9.10,-7.12,-5.73,-4.86,-4.47,-4.05,-3.06,-3.24,-4.20,-4.28,-4.15,-3.92,-4.30,-5.23,-5.39,-5.39,-5.76,-5.83,-6.20,-6.50,-6.20,-6.23,-6.56,-6.64,-6.66,-6.78,-6.83,-6.91,-6.57,-5.76,-5.16,-4.68,-4.08,-3.09,-2.51,-2.95,-3.45,-3.59,-4.04,-4.19,-3.79,-3.62,-3.69,-3.91,-4.20,-4.54,-4.77,-5.40
0.71,2.07,3.41,4.09,3.95,2.61,2.53,2.60,2.87,2.79,2.79,4.64,1.90,-0.82,3.40,2.46,-0.18,-0.94,0.51,1.87,3.40,2.46,-1.24,-1.45,0.16,1.38,-2.92,-3.54,-4.69,-5.90,-5.72,-6.52,-6.58,-6.53,-6.41,-5.26,-4.81,-3.91,-3.28,-3.93,-4.65,-3.55,-2.70,-3.18,-3.51,-4.22,-4.19,-4.08,-4.27,-4.57,-4.56,-4.86,-5.21,-5.47,-5.93,-6.19,-6.14,-6.04,-5.90,-5.62,-5.28,-4.87,-4.50,-4.35,-4.03,-3.64,-3.87,-4.16,-3.84,-3.26,-2.96,-3.22,-3.07,-2.76,-2.59,-2.77,-3.10,-3.41,-3.18,-3.89
2.33,2.61,2.62,2.20,2.44,1.72,2.39,2.47,2.34,2.03,2.13,3.43,0.12,-1.29,3.19,1.39,0.25,0.93,1.12,2.41,3.48,2.35,0.46,-0.77,-0.47,0.56,-1.09,-2.54,-3.58,-4.28,-4.39,-4.74,-4.92,-5.01,-4.00,-3.61,-3.47,-3.22,-2.95,-3.11,-2.76,-1.24,0.31,-1.60,-2.63,-3.28,-3.29,-3.02,-2.75,-2.80,-3.08,-3.42,-3.48,-3.44,-3.73,-4.38,-4.96,-5.20,-5.03,-4.55,-3.83,-3.30,-3.21,-3.21,-3.04,-2.96,-3.18,-3.32,-3.03,-2.35,-1.76,-2.18,-2.10,-1.84,-1.81,-2.14,-2.37,-2.70,-2.51,-3.31
3.92,4.40,4.25,4.09,4.07,3.42,2.91,1.69,0.87,1.25,2.20,2.79,0.30,-0.19,3.29,1.66,1.09,-0.30,0.93,2.09,3.42,3.04,1.76,1.52,1.55,1.12,0.46,-1.13,-2.97,-3.57,-4.06,-4.08,-3.91,-3.77,-3.10,-2.59,-2.66,-1.84,-0.91,-0.14,1.52,0.29,2.33,0.47,-1.38,-2.33,-2.55,-2.20,-1.38,-0.62,-0.82,-1.36,-1.69,-1.62,-1.32,-1.47,-2.25,-3.20,-3.76,-3.77,-3.16,-2.18,-1.70,-1.52,-1.41,-1.56,-1.62,-1.40,-0.90,-0.41,-0.10,-0.36,-0.30,-0.22,-0.55,-1.27,-1.63,-1.97,-2.21,-3.32
3.47,4.53,4.79,4.36,4.35,4.10,3.82,1.00,-0.88,0.14,0.79,0.99,0.13,-1.37,0.54,2.12,1.13,-2.30,0.20,2.97,3.73,3.35,2.52,3.20,2.85,1.12,0.21,-0.73,-1.68,-2.42,-2.46,-2.26,-2.54,-2.27,-1.49,-1.67,-1.40,-0.59,1.14,3.43,4.65,4.08,1.19,1.41,0.13,-1.18,-1.52,-1.28,-0.34,0.86,1.50,1.45,1.01,0.45,0.26,0.49,0.57,0.02,-0.91,-1.88,-2.32,-1.78,-0.93,-0.33,-0.13,-0.24,-0.05,0.49,0.89,1.12,1.31,1.59,2.00,2.20,1.86,0.47,-0.48,-1.09,-1.81,-2.95
3.88,4.51,4.50,3.83,3.62,3.00,2.55,0.53,-1.16,-1.28,-1.04,-0.42,0.63,-0.71,-2.70,0.58,0.73,-1.68,-1.00,2.44,3.50,2.79,2.05,4.00,2.80,0.74,0.23,0.07,-0.13,-0.99,-1.40,0.31,-0.10,-0.63,0.16,0.26,-0.20,1.02,1.48,3.86,5.55,5.75,2.92,2.23,1.75,0.47,-0.09,0.31,1.19,2.49,3.35,3.66,3.81,3.64,3.10,2.63,2.55,2.50,2.11,1.24,0.19,-0.23,0.10,0.67,1.08,1.23,1.41,1.92,2.74,3.39,3.29,3.30,3.89,4.55,4.82,2.81,1.34,0.39,-0.53,-1.64
4.79,4.84,3.75,3.13,2.08,0.94,1.91,2.97,2.34,1.66,0.94,0.43,0.51,-0.14,-1.77,-1.65,-0.86,-1.20,-1.46,1.30,3.31,2.90,1.13,4.05,3.10,1.59,2.02,1.52,1.08,1.10,-0.12,0.27,0.92,0.81,1.42,0.84,1.04,1.66,1.84,2.62,3.21,4.18,3.56,3.15,3.03,1.80,1.32,1.59,1.77,2.78,4.05,4.36,5.21,6.04,6.25,5.90,5.31,4.67,3.93,3.35,2.96,2.75,2.77,2.85,3.05,3.23,3.30,3.46,4.23,5.23,5.48,5.50,5.88,6.30,6.61,5.52,3.62,2.78,2.01,1.13
4.67,3.56,1.93,2.87,2.14,2.10,2.51,5.12,4.99,4.22,2.40,1.47,1.10,-0.49,-1.72,-0.67,-2.56,0.50,1.20,2.29,3.66,3.72,2.59,1.57,-1.19,-0.26,1.96,0.63,0.54,1.27,0.05,0.29,1.38,0.70,1.22,1.60,1.72,1.10,1.53,2.33,1.92,2.09,2.48,3.02,3.58,2.16,-0.53,-1.78,-0.50,1.47,2.71,3.74,4.27,5.90,7.08,8.06,8.16,7.60,6.08,4.77,4.17,4.02,3.70,3.17,3.07,3.06,3.38,3.78,4.61,5.99,7.20,8.01,8.13,7.98,7.68,7.12,6.23,5.37,4.90,4.15
2.90,1.42,-1.01,-2.07,-0.15,2.38,4.24,6.17,6.01,4.69,4.66,4.27,3.31,1.60,-0.06,-2.00,-2.16,4.12,5.36,1.54,3.00,3.25,0.71,-1.98,-0.25,1.40,0.51,-1.21,-1.72,-0.75,-1.25,-0.20,0.33,-0.64,0.89,2.23,2.15,0.30,1.19,2.14,0.54,1.16,1.79,1.86,1.95,-0.95,-4.53,-4.14,-3.09,-2.33,-2.07,-1.14,-0.07,2.32,4.81,6.85,7.81,9.50,8.52,6.25,4.78,3.33,-0.38,-2.76,-2.19,-1.46,-0.37,0.70,2.12,3.72,5.65,7.43,8.74,9.52,9.25,8.65,8.02,7.52,7.39,6.97
-2.44,-2.55,-1.97,1.11,2.71,5.13,6.06,6.29,5.47,0.63,3.39,4.20,4.38,3.16,0.92,-3.16,0.86,8.42,6.96,3.07,6.85,3.81,-1.48,-1.25,0.66,0.10,-1.55,-2.85,-2.48,-1.27,-0.98,-1.87,-1.72,-0.55,1.18,1.60,0.57,0.63,1.58,2.28,1.92,1.51,1.51,2.34,1.36,-5.31,-6.89,-5.65,-5.33,-5.02,-4.91,-5.00,-4.92,-4.17,-2.59,-0.32,2.79,6.46,8.95,8.47,5.25,0.78,-4.89,-6.13,-3.96,-2.77,-1.59,-0.29,0.87,1.74,3.16,4.63,6.15,8.02,9.86,10.07,9.59,8.69,8.21,8.13
-1.33,1.16,2.13,4.53,5.97,7.16,8.32,8.27,7.19,4.28,3.66,3.59,3.23,2.22,4.06,0.59,5.08,8.92,6.31,5.51,8.21,5.31,-1.00,-0.29,-1.10,-1.76,-2.19,-2.36,-3.05,-1.34,-0.85,-1.43,-1.26,-1.53,-0.71,0.35,1.19,-0.19,1.16,1.96,1.51,1.00,1.69,-0.62,-8.29,-8.19,-6.33,-4.74,-4.27,-4.20,-4.20,-4.31,-4.48,-4.11,-3.66,-3.71,-4.44,-5.72,-5.83,-7.27,-9.15,-9.64,-8.29,-6.08,-4.07,-3.06,-1.68,-0.05,1.26,2.12,3.37,5.15,6.54,7.96,9.41,11.14,11.37,10.61,9.51,8.64
3.58,5.74,6.02,6.51,7.67,7.75,8.75,8.86,7.58,6.24,6.27,6.80,5.88,4.77,4.21,6.19,7.55,8.60,7.98,6.62,5.09,6.74,1.78,-1.36,-1.83,-2.50,-2.37,-2.72,-2.50,-1.38,-1.75,-1.63,-1.65,-2.03,-2.12,-2.46,-2.27,-2.81,-2.63,-2.19,-2.36,-2.73,-6.57,-9.35,-8.67,-6.17,-5.07,-4.53,-3.57,-2.77,-2.55,-1.69,-1.74,-1.85,-1.94,-3.36,-6.96,-10.33,-10.47,-8.60,-7.44,-6.70,-5.69,-4.50,-3.35,-2.39,-0.82,1.00,1.86,1.91,2.32,3.86,5.77,8.31,10.45,11.91,12.85,13.29,11.67,10.21
5.33,7.72,7.65,9.01,9.97,10.09,10.11,9.50,8.07,8.23,8.09,8.13,8.70,7.60,6.87,7.10,9.50,9.48,3.54,-3.30,-4.03,-0.55,-0.92,-0.74,-0.92,-1.98,-2.25,-2.53,-1.72,-2.24,-2.18,-2.59,-3.43,-3.21,-2.27,-2.57,-2.90,-3.16,-4.21,-5.30,-6.09,-9.25,-9.05,-7.59,-6.35,-5.28,-5.08,-4.80,-3.48,-2.43,-1.92,-0.65,0.91,0.01,-1.09,-2.58,-3.83,-4.77,-5.87,-5.97,-5.14,-3.93,-3.14,-3.24,-2.66,-1.74,-0.02,0.86,-0.05,-0.69,0.18,2.35,4.70,7.90,11.13,13.52,14.25,14.30,13.98,11.71
4.76,6.85,9.22,10.33,10.88,11.44,12.74,11.87,11.77,11.46,9.06,6.75,3.03,-0.21,0.78,2.42,-0.06,-2.71,-5.51,-5.66,-6.14,-5.24,-4.07,-2.40,-0.03,-0.42,-0.97,-1.48,0.50,-0.17,-0.98,-2.31,-2.92,-1.66,-1.89,-2.65,-3.44,-4.96,-6.30,-6.28,-6.67,-8.74,-7.63,-6.19,-5.51,-5.18,-4.36,-2.09,-0.31,-0.43,-0.83,-0.31,0.79,1.35,1.29,-0.82,-2.24,-3.09,-3.69,-3.70,-3.17,-2.40,-1.61,-1.73,-1.75,-1.34,-0.68,-1.32,-2.61,-2.34,-0.68,1.17,2.96,5.61,8.80,11.75,13.06,13.62,14.16,13.04
6.19,7.29,7.03,3.29,1.01,1.34,2.38,3.23,3.61,3.72,3.00,-0.50,-3.43,-5.45,-6.05,-4.92,-3.86,-2.89,-2.13,-0.88,-2.07,-3.34,-1.95,0.41,1.05,-0.30,-1.10,-1.42,-3.05,-3.40,-3.28,-3.89,-3.04,-1.61,-1.04,-2.58,-4.75,-5.93,-5.59,-5.61,-7.74,-6.96,-5.81,-4.85,-4.41,-3.87,-3.17,-1.61,1.22,3.24,3.20,1.94,1.93,2.88,3.02,0.97,-1.19,-2.37,-0.88,-0.79,-1.87,-2.12,-1.70,-1.31,-1.37,-1.35,-1.50,-2.38,-3.05,-2.70,-1.80,-1.04,-0.90,-0.34,2.42,5.68,8.43,10.38,11.54,11.75
