data/2017092518_UV_SFC.json
{"header": { "refTime": "2017-09-25T06:00:00.000Z", "parameterCategory":  2, "parameterNumber":   3, "surfacelType": 104, "surfacelValue":        0.0, "forecastTime":   12, "scanMode": 0, "nx": 101, "ny": 61, "lo1": 80, "la1": 60, "lo2": 180, "la2": 0, "dx": 1, "dy": 1 }, "data":
[rows 0 to 34 of 61, columns 0 to 79 of 101]
5.94,5.86,5.77,5.90,6.20,6.34,6.10,5.62,5.04,4.22,3.10,1.74,1.55,1.77,1.58,1.67,1.73,1.60,1.13,-0.00,0.25,0.70,0.77,0.77,0.10,0.02,0.65,1.20,0.92,-0.78,-0.98,-1.23,-1.26,-0.29,-1.69,-2.23,-1.95,-1.88,-2.34,-2.14,0.10,0.48,1.49,1.51,0.92,0.64,0.34,1.57,1.90,3.00,4.04,4.66,4.13,1.19,-0.31,-0.93,-0.10,-0.48,-2.26,-3.00,-2.63,-2.00,-1.46,-1.34,-0.70,0.46,1.90,3.08,4.32,4.69,4.91,5.37,5.20,4.32,3.81,3.75,3.68,3.79,3.86,3.72
6.71,7.06,6.46,5.83,5.57,5.64,5.86,5.62,5.03,4.35,2.89,1.27,0.97,1.36,1.73,1.79,1.50,0.97,0.04,-0.29,1.22,1.06,1.83,1.39,0.58,0.52,0.76,1.01,-0.06,-2.12,-2.67,-3.15,-3.27,-2.05,-1.40,-1.71,-2.32,-2.22,-2.75,-3.20,-2.45,0.24,1.23,1.69,2.03,1.45,1.35,1.91,2.55,4.48,5.30,5.14,4.20,2.30,0.83,-0.13,-0.54,-1.06,-2.08,-3.00,-3.25,-2.71,-1.39,0.27,0.59,0.83,1.67,2.18,3.13,5.26,5.63,5.50,5.41,5.28,5.12,5.07,4.98,4.80,4.59,4.38
6.94,7.36,7.37,6.44,5.75,5.58,5.62,5.81,5.42,4.59,3.44,2.30,1.85,1.69,1.85,1.65,1.15,0.20,-0.90,0.05,1.56,3.04,2.59,0.46,1.11,1.35,1.29,0.93,-0.61,-2.33,-3.60,-3.72,-2.32,-2.48,-1.60,-1.78,-1.46,-1.15,-0.80,-1.19,-1.20,-0.27,0.47,1.48,2.21,2.59,3.22,3.51,3.64,5.04,6.00,5.11,4.24,3.15,1.47,0.29,-0.80,-1.91,-2.84,-3.65,-3.72,-2.85,-0.86,1.00,1.80,2.04,2.34,4.14,4.84,4.85,5.98,6.28,6.28,6.20,6.05,5.89,5.64,5.34,5.17,5.07
6.59,7.27,7.78,7.47,7.04,6.82,6.69,6.50,6.07,5.05,4.23,3.93,3.65,3.14,2.55,1.77,0.59,0.06,1.19,1.86,1.56,1.69,-0.71,0.35,2.23,2.03,1.76,0.86,-0.59,-2.22,-3.61,-4.21,-3.32,-2.49,-1.58,-0.27,-0.46,0.08,-0.23,-0.35,-0.13,-0.11,0.51,1.86,3.51,4.37,4.55,4.01,4.21,5.12,5.67,5.11,4.21,3.05,1.16,-0.01,-1.65,-2.08,-2.35,-2.72,-2.69,-2.19,-1.08,0.68,1.32,2.09,2.56,3.37,4.13,4.37,4.57,4.77,5.39,5.41,5.51,5.88,5.92,5.59,5.38,5.30
6.59,7.23,7.56,7.79,7.92,7.89,7.68,7.28,6.59,5.82,5.17,4.66,4.25,4.04,3.45,2.45,0.35,0.85,1.79,0.70,-0.44,-0.51,-0.20,1.31,3.10,2.76,2.22,1.16,-0.14,-1.41,-2.51,-3.30,-3.76,-3.60,-1.53,-0.55,-0.52,-0.98,-0.92,-0.81,-0.44,0.13,0.98,2.14,4.04,5.13,5.27,4.94,4.70,4.59,4.69,4.67,3.73,2.36,1.76,0.46,-0.40,-0.57,-0.37,-1.07,-1.81,-2.41,-2.01,-0.55,0.73,1.51,2.34,2.33,2.54,2.53,2.98,3.60,3.69,4.53,4.77,4.87,5.20,5.38,5.51,5.52
6.73,6.64,7.00,7.64,7.82,7.76,7.46,7.25,6.58,5.96,5.35,4.75,4.55,4.54,4.57,4.57,3.39,2.38,0.12,-0.19,-0.60,-0.37,1.58,2.82,3.43,2.90,2.24,1.33,0.25,-0.64,-1.47,-2.31,-2.83,-2.93,-2.51,-1.35,-0.60,-1.23,-2.25,-1.68,-0.52,0.39,1.56,2.96,3.61,4.37,5.47,5.77,5.10,4.72,4.69,4.82,5.11,4.76,3.30,2.07,1.07,-0.61,-1.71,-3.23,-5.03,-3.92,-2.62,-1.17,0.57,1.68,2.34,2.54,2.08,2.46,2.80,3.11,3.28,3.45,4.05,4.07,4.51,4.92,5.39,5.22
4.93,3.89,6.81,7.70,7.91,7.82,7.41,6.94,6.94,6.49,5.79,5.33,5.22,5.10,5.30,6.03,5.13,2.47,0.89,-0.47,-1.44,0.48,2.81,3.09,2.51,2.18,1.61,1.09,0.53,-0.12,-0.79,-1.43,-1.78,-1.79,-1.16,-0.89,-1.14,-1.27,-2.35,-2.25,-0.77,0.37,1.02,2.56,3.80,3.20,5.60,5.90,5.32,5.38,5.06,4.69,3.96,3.32,3.29,3.08,2.20,-0.03,-2.80,-4.50,-4.65,-3.83,-2.80,-1.88,-0.08,1.59,2.18,2.28,2.66,2.60,2.62,3.01,3.49,3.42,3.10,3.19,3.36,3.88,4.06,4.27
4.90,3.33,5.78,8.77,8.48,8.03,7.57,7.07,6.97,6.98,6.63,6.42,6.72,6.76,6.00,5.89,5.66,4.60,2.75,0.34,-0.63,1.22,3.81,3.38,2.60,1.83,1.06,0.61,0.37,0.01,-0.32,-0.56,-0.93,-1.22,-0.22,1.16,1.06,0.03,-1.50,-1.43,-0.80,-0.44,0.61,2.38,3.51,2.31,3.48,5.99,6.05,5.92,5.31,4.63,3.53,2.75,2.50,3.09,1.94,0.34,-1.19,-3.55,-4.15,-3.09,-1.63,-0.88,-0.58,0.40,0.98,1.41,1.73,2.37,2.74,3.14,3.57,3.44,2.70,2.35,2.56,2.67,2.63,2.95
6.59,2.84,5.22,8.44,9.00,8.60,8.12,7.90,7.55,7.15,7.09,7.02,6.91,7.06,7.07,6.46,5.50,4.70,3.31,1.23,0.72,0.91,3.47,4.33,3.61,2.08,0.84,0.18,0.03,0.08,0.15,0.17,-0.17,-0.64,-0.61,1.01,1.99,1.51,1.20,0.07,-0.90,-0.74,0.92,2.78,4.98,3.00,3.12,7.45,7.34,6.82,5.76,4.89,4.10,3.15,2.17,1.37,0.41,-0.79,-2.98,-4.37,-4.87,-4.19,-2.85,-1.81,-0.97,-0.15,0.45,0.42,0.62,1.82,2.86,2.92,2.95,3.43,3.74,3.59,3.18,2.54,1.90,1.92
7.66,5.84,4.57,6.48,8.31,8.63,8.41,8.17,7.48,6.87,6.44,6.12,6.25,7.10,7.74,7.47,7.12,5.83,3.74,2.10,2.72,2.36,3.73,4.90,4.35,2.18,0.86,0.15,-0.11,0.29,0.71,0.78,0.52,0.27,0.38,0.97,1.28,-0.23,-2.10,-2.50,-2.55,-1.40,0.85,3.24,4.45,3.48,3.59,8.20,8.39,7.05,6.05,5.12,4.30,3.23,2.07,0.30,-1.11,-3.55,-6.36,-7.81,-7.08,-6.90,-6.08,-4.13,-1.74,-0.65,-0.39,0.18,0.36,0.26,1.18,1.84,1.76,2.23,3.20,3.25,2.83,2.52,2.16,1.80
4.83,5.84,5.08,6.25,7.39,7.82,7.59,7.06,6.70,5.74,5.44,5.88,6.18,6.32,7.01,7.40,6.76,5.85,5.66,2.04,4.22,3.87,4.57,5.84,4.47,2.83,1.45,0.18,-0.49,0.37,1.46,1.71,1.16,0.32,0.95,1.51,1.35,0.08,-2.00,-3.30,-2.71,-1.63,0.69,2.48,3.37,3.58,5.61,8.19,8.18,6.89,5.80,5.00,4.12,3.11,2.07,0.34,-1.82,-3.83,-5.66,-7.73,-8.77,-8.59,-8.29,-6.15,-3.79,-2.28,-1.45,-0.83,-0.69,-0.49,0.07,1.30,1.92,2.24,2.62,2.86,2.69,2.48,2.01,1.41
5.20,5.48,5.09,5.76,6.39,6.27,6.15,5.90,5.57,5.25,4.35,3.44,3.45,3.77,4.17,4.72,4.49,3.64,4.23,2.27,3.60,4.53,4.97,4.54,2.69,3.29,2.13,-0.65,-2.00,0.82,2.61,3.17,2.33,1.26,1.62,2.43,2.12,1.14,-0.52,-1.73,-2.96,-2.28,0.24,1.33,3.36,3.50,5.87,7.72,7.50,6.19,5.47,4.99,4.17,3.29,2.05,-0.45,-2.57,-3.83,-5.19,-7.12,-7.81,-8.10,-8.33,-6.12,-3.31,-2.38,-1.69,-1.21,-1.05,-1.11,-1.10,-0.80,0.83,1.81,1.91,2.19,2.53,2.70,2.37,1.70
7.12,7.43,5.93,5.04,4.51,4.22,4.66,5.09,4.94,3.86,2.81,2.04,1.87,2.03,2.15,2.54,2.73,2.65,2.31,2.14,3.44,4.50,4.44,4.35,3.94,3.50,2.29,1.03,-0.69,-1.69,1.53,3.96,3.24,2.27,2.68,2.75,1.24,-0.63,-0.57,-1.95,-4.11,-2.22,-0.81,1.40,3.06,2.80,6.13,7.06,6.66,5.87,5.09,4.73,4.27,3.33,1.09,-1.16,-2.89,-3.76,-5.20,-6.04,-6.90,-7.63,-7.90,-6.02,-3.45,-2.43,-1.61,-1.55,-1.58,-1.38,-1.52,-1.35,-0.90,0.90,1.71,1.47,2.00,2.77,2.53,1.98
5.13,7.61,5.52,4.24,3.53,3.56,4.09,4.27,3.85,2.72,0.90,-0.82,-1.40,-1.03,-0.11,0.76,1.20,1.33,2.18,2.24,2.50,3.14,3.27,3.48,3.85,3.24,2.78,3.09,2.06,-0.93,-0.31,4.22,4.35,3.48,3.46,2.58,0.32,-1.57,-2.23,-3.75,-3.66,-1.86,-0.88,1.49,2.71,4.65,5.82,5.97,5.72,4.79,3.76,4.03,3.83,1.94,0.38,-0.96,-2.41,-3.74,-4.53,-5.18,-5.95,-6.94,-7.46,-5.38,-2.80,-2.15,-1.34,-1.16,-1.55,-2.05,-2.38,-2.24,-0.84,0.89,1.27,1.51,2.02,2.23,2.16,1.93
5.31,5.62,3.95,3.47,3.36,3.22,2.49,1.81,1.04,-0.31,-1.16,-1.28,-1.28,-0.70,0.73,1.80,2.12,2.32,2.99,1.95,1.28,2.86,2.41,2.46,2.68,2.75,2.88,2.29,1.41,0.68,2.28,4.39,4.79,4.41,3.48,1.64,0.07,-1.30,-3.01,-3.52,-2.05,-1.20,0.00,1.96,2.16,2.18,2.94,3.63,3.22,2.39,1.30,1.36,1.79,1.87,0.89,-0.28,-2.02,-3.47,-3.98,-4.66,-5.67,-6.73,-6.91,-5.07,-2.74,-2.44,-2.36,-1.61,-1.64,-2.10,-2.60,-2.54,-1.86,0.21,1.63,2.04,1.96,1.54,1.52,1.59
4.50,4.59,3.38,2.91,2.91,2.95,2.48,1.88,1.04,0.01,-0.47,-0.05,0.56,1.05,1.37,1.97,1.93,3.22,3.08,1.75,2.39,3.03,2.93,3.43,3.49,3.38,3.33,2.43,1.88,2.98,4.92,4.58,4.93,4.27,2.62,1.23,-0.12,-1.67,-3.00,-1.49,-0.37,-1.76,-0.75,2.92,2.32,0.98,0.97,0.85,1.23,1.66,1.75,1.57,1.96,2.77,2.67,1.04,-0.72,-1.71,-2.94,-4.19,-5.28,-6.09,-6.29,-4.63,-2.53,-2.13,-2.12,-1.51,-1.41,-1.79,-2.14,-2.25,-1.91,-0.74,0.16,0.96,1.36,1.17,1.54,1.61
4.02,4.03,3.20,2.25,1.95,2.15,2.34,2.40,2.06,1.08,0.37,0.21,0.49,1.11,0.88,0.97,1.76,3.68,2.59,1.84,2.27,2.32,2.78,3.20,3.34,3.62,2.86,2.58,2.72,5.11,5.33,4.77,4.87,4.11,2.70,1.22,-0.54,-2.43,-2.99,0.62,2.35,-1.76,-2.42,1.68,3.07,2.38,1.83,2.27,3.61,3.25,2.91,2.92,3.50,3.18,2.36,1.25,-0.40,-1.77,-2.65,-3.34,-4.22,-4.92,-5.06,-3.69,-1.61,-1.75,-1.99,-2.07,-1.85,-1.80,-1.64,-1.50,-1.75,-1.29,-0.71,-0.42,0.73,1.17,1.20,0.83
3.79,3.85,2.42,2.09,2.17,2.28,2.66,2.69,2.00,1.00,0.36,-0.18,0.11,0.59,0.65,1.70,1.79,1.91,1.14,2.29,3.46,2.78,3.14,3.22,3.37,3.10,2.59,3.35,4.49,4.80,4.91,5.40,5.23,4.22,2.90,1.15,-0.97,-3.30,-3.48,0.16,2.76,0.73,-0.05,1.62,3.63,4.15,4.07,4.24,3.70,3.27,2.43,2.02,2.30,2.03,0.81,-0.08,-0.10,-1.10,-1.69,-1.94,-2.54,-3.19,-3.49,-2.90,-1.41,-1.14,-1.31,-1.43,-1.71,-1.83,-1.78,-1.53,-1.12,-0.74,0.13,-0.01,0.39,1.03,1.08,0.85
-0.90,4.18,3.22,2.08,2.75,3.10,3.09,2.73,1.95,1.24,0.71,0.22,0.31,0.56,0.99,1.92,1.73,0.56,0.55,1.95,2.85,3.53,3.51,3.18,3.03,3.10,3.57,7.08,5.25,3.65,3.94,5.59,5.65,4.83,3.49,1.73,-0.59,-2.66,-3.11,-1.54,0.67,2.04,1.68,1.79,3.02,4.20,4.91,5.03,3.94,2.55,1.43,0.84,0.69,0.77,0.57,0.04,-0.16,0.31,0.27,-0.04,-0.57,-1.22,-1.69,-2.00,-1.58,-1.24,-1.43,-1.20,-1.18,-1.61,-1.47,-1.09,-0.35,0.18,0.54,0.60,0.13,0.78,1.08,1.37
-2.54,-0.58,2.99,3.09,2.54,3.56,3.49,2.92,2.27,1.64,1.27,1.01,0.66,0.38,0.43,2.16,2.16,1.53,1.58,1.21,2.00,2.13,2.33,2.45,2.45,3.51,7.84,8.72,7.80,4.18,3.84,6.09,6.33,5.66,4.40,2.63,0.58,-0.82,-1.76,-1.25,-0.05,1.96,1.59,1.08,1.51,2.71,3.36,3.54,3.05,2.07,1.40,0.79,0.71,0.86,0.78,0.62,0.78,1.37,1.69,1.51,1.11,0.41,-0.24,-0.84,-1.59,-1.70,-1.79,-2.04,-1.22,-1.39,-1.69,-1.34,-0.57,0.55,1.07,0.81,0.07,0.18,0.52,0.74
-0.10,-1.16,-0.23,2.93,3.46,3.08,3.81,3.72,2.80,1.95,1.56,1.35,0.57,-0.66,-0.61,2.11,2.16,2.01,2.46,2.02,1.38,1.66,1.80,1.39,0.44,2.46,6.85,10.26,8.52,6.71,5.86,6.92,7.08,6.38,5.18,3.54,1.81,0.93,-0.04,-0.52,-0.29,0.08,0.14,0.11,0.53,1.69,2.38,2.29,2.14,2.02,1.48,1.04,0.45,0.20,-0.05,0.30,1.20,2.19,2.62,2.53,2.25,1.62,0.89,0.11,-0.91,-1.43,-1.42,-1.64,-1.88,-1.97,-2.23,-2.14,-1.62,-0.02,1.27,1.87,1.11,0.00,-0.14,-0.47
-4.59,-2.54,-0.75,-0.93,3.34,3.85,3.34,4.86,4.05,2.83,1.96,1.58,0.97,-0.47,-0.42,2.96,3.77,3.17,2.93,2.46,1.30,1.12,0.61,0.45,-1.03,-1.84,3.40,7.44,9.57,8.07,5.61,7.68,7.26,6.78,5.77,4.41,2.79,1.81,0.91,0.21,-0.07,-0.15,-0.08,-0.07,0.18,1.10,1.90,1.82,1.48,1.56,1.22,0.48,-0.61,-1.02,-0.67,0.15,1.39,2.70,3.33,3.29,3.01,2.49,2.11,1.53,0.59,-0.11,-0.49,-0.63,-0.97,-1.49,-1.96,-2.05,-1.64,-1.28,-0.08,1.20,1.91,0.82,-0.52,-0.66
-4.90,-5.20,-4.74,-4.29,0.29,3.98,4.33,4.30,4.99,4.39,2.40,1.81,2.11,0.84,0.94,3.19,3.54,2.73,2.81,2.47,1.77,1.85,0.99,0.11,-0.49,-1.68,1.94,4.58,6.86,6.02,4.51,4.18,4.33,5.63,6.08,4.70,3.06,1.93,1.29,0.86,0.75,-0.74,-0.06,0.69,0.72,0.86,1.39,1.46,1.40,1.35,1.20,0.92,0.47,-0.52,-1.40,-1.25,0.23,1.52,2.65,3.26,3.48,3.43,3.41,2.96,1.90,1.23,1.25,1.23,0.93,0.16,-0.91,-1.67,-1.63,-1.38,-1.28,-0.48,0.62,0.88,-0.20,-0.88
-2.61,-2.93,-3.46,-3.88,-2.54,-0.20,2.92,4.62,5.58,5.51,2.78,0.82,0.72,2.12,1.40,3.33,3.42,1.56,0.46,0.21,0.73,2.13,1.86,1.56,1.93,-0.81,1.34,3.56,5.27,4.94,4.61,4.20,3.61,3.52,3.02,2.71,1.75,1.03,1.42,1.68,1.00,-1.98,0.86,1.58,1.84,1.86,1.97,1.91,1.78,1.83,1.38,0.82,0.58,0.58,0.36,0.02,0.13,1.07,2.14,2.79,3.15,3.36,3.48,3.22,2.64,1.91,1.85,2.57,2.67,2.09,1.02,-0.24,-1.03,-0.93,-0.79,-0.50,0.16,0.48,0.16,-0.75
-1.49,-0.32,0.29,-0.17,0.84,0.19,-1.46,3.57,4.40,4.46,2.88,1.08,-1.11,1.87,1.50,0.36,1.75,0.73,-1.84,-0.75,0.31,2.48,2.80,2.14,2.08,0.45,0.96,3.44,5.08,4.98,4.44,4.53,3.97,4.03,3.74,3.05,2.26,0.22,0.67,1.62,1.24,-0.87,3.44,3.59,2.57,2.39,2.42,2.46,2.42,2.57,2.48,1.94,1.27,0.84,0.73,0.72,0.60,0.52,0.99,1.96,2.50,2.53,2.65,3.07,3.30,3.27,2.83,3.00,3.37,3.26,2.74,2.02,1.16,0.64,0.45,0.40,0.83,1.37,1.53,1.06
-1.86,-1.26,0.81,0.43,1.53,2.57,-0.04,0.51,3.00,2.55,1.87,1.27,-0.91,0.26,-1.11,-2.79,-1.27,0.09,-1.96,-1.03,0.37,2.39,3.22,3.00,3.60,2.97,1.93,3.53,4.90,5.63,4.30,5.65,5.95,4.85,4.66,4.16,3.32,1.49,-0.04,1.41,2.86,1.10,2.66,5.39,3.61,2.97,2.77,2.72,2.61,2.55,2.76,3.06,3.03,2.50,1.73,1.16,0.82,0.52,0.25,0.29,0.86,1.59,2.47,3.38,4.28,4.83,4.87,4.59,4.38,4.03,3.58,3.31,3.14,2.82,2.36,1.84,1.57,1.81,2.37,2.77
-2.52,-2.11,0.59,0.56,0.75,1.13,-0.72,-1.77,-1.98,-2.20,-1.31,0.42,0.33,1.06,1.31,-2.66,-1.48,0.27,-1.30,-3.35,-2.12,2.26,4.21,4.09,4.90,4.55,4.22,5.13,5.64,6.63,6.33,6.85,6.71,5.53,5.19,5.36,4.66,3.24,1.78,0.37,3.25,3.11,3.62,5.69,4.44,3.45,3.07,3.04,2.76,2.23,2.09,2.78,3.63,3.89,3.32,2.25,1.30,0.65,-0.04,-0.47,-0.27,0.43,1.54,2.83,4.26,5.55,6.22,6.33,6.04,5.40,4.72,4.07,3.78,3.97,4.06,3.35,2.76,2.60,2.65,3.17
-2.77,-0.66,-0.26,-0.42,-1.20,-0.97,0.37,1.08,0.40,0.27,0.87,-0.46,-1.29,-1.79,-1.63,-0.70,-2.24,-0.96,-1.00,-2.86,-3.37,-1.27,1.96,3.57,5.89,6.17,6.76,6.88,6.31,5.91,4.99,5.32,5.85,5.59,4.54,5.27,5.65,4.26,3.23,0.47,0.06,4.92,5.93,5.66,4.50,3.39,2.81,2.99,3.10,1.97,0.73,0.81,2.86,4.36,3.73,2.21,0.58,-0.91,-1.93,-2.67,-2.75,-2.25,-1.33,0.92,3.23,4.69,5.88,6.62,6.71,6.28,5.53,4.70,3.93,3.51,4.12,4.33,3.38,3.22,3.55,3.60
-1.81,-0.62,-0.80,2.05,1.55,0.22,-1.09,0.19,2.44,3.08,2.40,2.61,1.07,1.59,-0.49,-2.91,-1.32,-1.83,-0.71,-0.24,-1.78,-0.71,2.32,3.42,3.03,2.84,5.98,6.56,7.31,5.76,4.83,6.05,6.59,5.98,3.88,4.56,5.71,5.00,3.38,2.70,0.59,3.32,6.80,6.46,4.68,2.97,2.14,2.45,3.17,1.78,0.27,-1.19,-0.52,3.25,4.87,3.42,1.24,0.01,-1.64,-3.00,-3.91,-4.21,-4.12,-3.48,-0.51,2.03,4.07,5.01,5.76,6.13,5.60,4.88,3.96,3.21,3.13,3.67,3.29,2.74,3.14,4.11
-3.21,-1.74,-1.46,0.02,0.59,-0.23,-1.48,-3.58,-0.19,7.09,7.18,7.50,6.63,4.97,4.31,2.55,1.89,2.39,3.27,3.97,3.47,2.72,2.38,2.06,-0.74,-2.58,1.51,6.06,6.14,5.01,3.78,4.01,5.14,6.08,4.52,4.12,4.48,4.13,3.18,2.87,2.83,3.17,5.78,6.99,5.84,4.55,3.34,3.15,3.90,1.50,-0.56,-1.27,0.43,1.97,1.57,0.07,-1.22,-2.45,-3.69,-4.50,-5.55,-6.07,-6.25,-5.78,-4.73,-2.75,1.14,5.11,6.49,7.15,7.52,6.05,4.14,3.64,3.64,2.98,2.24,1.47,1.22,1.71
-1.01,0.06,1.53,1.95,0.31,0.18,-0.81,-1.80,-3.41,2.00,4.11,5.15,6.58,6.76,6.54,5.22,3.05,2.65,4.09,6.91,6.57,2.80,3.50,-1.06,-2.37,-2.39,-2.23,2.57,7.10,5.97,5.33,3.02,0.49,3.61,3.91,3.37,2.96,3.76,3.19,2.42,3.10,3.88,4.66,6.66,5.63,4.15,3.63,4.65,3.39,1.23,1.16,-0.02,-0.91,-1.00,-0.71,-0.45,-1.31,-2.29,-3.39,-4.77,-6.04,-6.95,-7.98,-8.34,-7.73,-6.92,-5.48,-1.71,2.44,4.60,5.23,5.76,6.01,6.54,5.19,3.45,2.26,0.68,-0.42,-0.81
4.09,5.02,4.96,3.95,2.43,1.18,-0.61,-0.00,1.52,-0.54,-2.67,0.43,6.22,8.60,7.60,7.40,5.79,0.89,0.89,8.18,7.82,5.62,8.38,1.49,-2.55,-2.59,-1.97,-0.24,2.96,5.06,4.09,1.82,-3.17,-0.66,1.56,3.17,3.03,2.01,2.30,2.14,1.32,1.89,4.39,7.24,5.33,3.67,3.62,3.42,2.51,2.97,1.80,-0.57,-0.11,0.48,0.47,-0.42,-1.10,-1.62,-2.56,-3.80,-5.19,-6.13,-7.20,-7.79,-8.07,-8.17,-8.42,-7.71,-6.40,-5.98,-6.10,-5.49,-3.25,1.71,3.43,1.89,0.24,-1.75,-3.03,-3.26
2.13,3.36,3.74,2.40,0.58,-0.56,-1.22,0.67,3.99,3.25,-0.74,-3.27,-0.04,6.39,7.24,6.71,5.60,2.82,0.62,0.42,3.18,5.93,7.77,4.75,0.92,-1.12,-1.02,0.78,3.62,5.84,4.48,1.93,-2.68,-2.18,-1.88,-1.07,-1.32,-2.09,-1.55,-1.06,-0.74,0.24,3.86,6.94,4.87,4.06,3.07,2.08,2.08,2.04,1.54,-0.55,-0.46,0.20,0.14,-0.33,-1.03,-1.16,-1.65,-2.99,-4.45,-5.35,-6.16,-6.33,-5.83,-5.74,-5.93,-5.83,-5.39,-5.06,-5.46,-6.85,-8.17,-9.06,-7.60,-5.24,-4.44,-4.49,-4.83,-4.59
3.80,3.63,1.91,1.45,0.68,-0.74,-2.22,-0.88,2.78,3.54,2.39,0.95,0.14,1.89,3.11,3.54,4.14,2.92,0.02,-2.16,1.75,6.63,7.63,6.29,4.31,0.26,-1.22,-0.80,-2.80,-1.74,-0.22,-1.63,-2.97,-3.55,-3.25,-2.99,-2.51,-2.03,-1.86,-1.54,-0.88,-0.13,2.26,4.53,3.59,2.36,2.07,0.72,-0.06,-0.08,0.51,1.55,-0.10,-0.49,-1.09,-1.19,-1.18,-1.34,-1.16,-1.76,-3.08,-3.97,-4.81,-5.39,-4.86,-4.22,-4.23,-4.52,-4.61,-4.40,-3.81,-3.26,-3.07,-3.72,-4.36,-3.80,-2.90,-2.34,-3.68,-5.62
0.00,2.41,2.92,2.76,2.09,1.29,-0.50,-1.15,1.17,2.68,2.99,3.07,2.53,2.17,2.53,2.26,1.82,2.22,-1.00,-3.28,-4.07,-0.20,4.17,4.98,4.23,1.18,-1.75,-1.64,-1.62,-0.44,0.98,0.28,-1.74,-3.35,-3.46,-3.20,-3.26,-2.66,-2.13,-1.34,0.88,3.22,3.89,4.46,4.35,3.05,2.10,0.57,-0.87,-0.98,-0.05,1.44,0.06,-0.03,-0.86,-1.37,-0.22,-0.98,-1.68,-1.53,-1.86,-2.43,-3.08,-3.89,-4.53,-4.60,-4.67,-4.98,-5.23,-5.33,-5.46,-5.68,-5.06,-3.01,-0.85,-2.17,-3.82,-4.61,-4.24,-4.72
